State,County,Agency,Ori,total aggravated-assault crimes (2015-2023),total aggravated-assault cleared crimes (2015-2023),total aggravated-assault actual crimes (2015-2023),total violent-crime crimes (2015-2023),total violent-crime cleared crimes (2015-2023),total violent-crime actual crimes (2015-2023),total arson crimes (2015-2023),total arson cleared crimes (2015-2023),total arson actual crimes (2015-2023),total human-trafficing crimes (2015-2023),total human-trafficing cleared crimes (2015-2023),total human-trafficing actual crimes (2015-2023),total rape-legacy crimes (2015-2023),total rape-legacy cleared crimes (2015-2023),total rape-legacy actual crimes (2015-2023),total homicide crimes (2015-2023),total homicide cleared crimes (2015-2023),total homicide actual crimes (2015-2023),total burglary crimes (2015-2023),total burglary cleared crimes (2015-2023),total burglary actual crimes (2015-2023),total motor-vehicle-theft crimes (2015-2023),total motor-vehicle-theft cleared crimes (2015-2023),total motor-vehicle-theft actual crimes (2015-2023),total larceny crimes (2015-2023),total larceny cleared crimes (2015-2023),total larceny actual crimes (2015-2023),total rape crimes (2015-2023),total rape cleared crimes (2015-2023),total rape actual crimes (2015-2023),total property-crime crimes (2015-2023),total property-crime cleared crimes (2015-2023),total property-crime actual crimes (2015-2023),Latitude,Longitude
Kentucky,ADAIR,Adair County Sheriff's Office,KY0010000,30,14,16,35,16,19,1,0,1,0,0,0,0,0,0,0,0,0,67,14,53,33,3,30,69,3,66,3,1,2,169,20,149,37.105559,-85.28138
Kentucky,ADAIR,Columbia Police Department,KY0010100,48,20,28,53,21,32,0,0,0,0,0,0,4,1,3,0,0,0,113,14,99,24,6,18,86,5,81,4,1,3,223,25,198,37.10318,-85.30553
Kentucky,ALLEN,Allen County Sheriff's Office,KY0020000,63,23,40,106,33,73,13,3,10,3,1,2,10,1,9,2,1,1,424,46,378,147,14,133,453,27,426,35,7,28,1024,87,937,36.748547,-86.19544
Kentucky,ALLEN,Scottsville Police Department,KY0020100,72,25,47,110,31,79,15,3,12,0,0,0,7,1,6,5,2,3,293,40,253,114,15,99,778,77,701,23,3,20,1185,132,1053,36.75077,-86.192458
Kentucky,ANDERSON,Anderson County Sheriff's Office,KY0030000,38,17,21,42,18,24,1,0,1,0,0,0,2,1,1,0,0,0,121,18,103,45,5,40,151,17,134,2,1,1,317,40,277,38.035694,-84.89583
Kentucky,ANDERSON,Lawrenceburg Police Department,KY0030100,53,21,32,86,29,57,5,1,4,0,0,0,6,1,5,0,0,0,223,50,173,146,14,132,570,94,476,18,4,14,939,158,781,38.03742,-84.894905
Kentucky,BALLARD,Ballard County Sheriff's Office,KY0040000,73,28,45,92,33,59,5,1,4,0,0,0,11,4,7,0,0,0,206,33,173,68,13,55,253,18,235,17,5,12,527,64,463,37.05112,-89.009178
Kentucky,BALLARD,La Center Police Department,KY0040300,2,1,1,5,2,3,0,0,0,0,0,0,1,0,1,0,0,0,10,1,9,0,0,0,11,2,9,3,1,2,21,3,18,37.05112,-89.009178
Kentucky,BARREN,Barren County Sheriff's Office,KY0050000,179,81,98,234,100,134,8,2,6,2,1,1,21,7,14,8,3,5,444,58,386,191,17,174,464,39,425,32,11,21,1099,114,985,36.995705,-85.91198
Kentucky,BARREN,Glasgow Police Department,KY0050100,217,72,145,348,101,247,26,4,22,2,0,2,41,8,33,5,2,3,699,81,618,300,48,252,3310,744,2566,67,11,56,4309,873,3436,36.963614,-85.92499
Kentucky,BARREN,Cave City Police Department,KY0050200,25,8,17,42,11,31,4,2,2,0,0,0,4,0,4,0,0,0,79,13,66,41,6,35,136,11,125,11,2,9,256,30,226,36.963614,-85.92499
Kentucky,BARREN,Barren County Constable District 1,KY0051000,0,0,0,0,0,0,0,0,0,0,0,0,0,0,0,0,0,0,0,0,0,0,0,0,0,0,0,0,0,0,0,0,0,,
Kentucky,BARREN,Barren County Drug Task Force,KY0051100,0,0,0,0,0,0,0,0,0,0,0,0,0,0,0,0,0,0,3,1,2,0,0,0,5,1,4,0,0,0,8,2,6,36.99597,-85.91205
Kentucky,BATH,Bath County Sheriff's Office,KY0060000,36,15,21,38,15,23,0,0,0,0,0,0,0,0,0,0,0,0,96,5,91,41,2,39,137,3,134,1,0,1,274,10,264,38.152249,-83.737641
Kentucky,BATH,Owingsville Police Department,KY0060100,12,6,6,15,7,8,0,0,0,0,0,0,2,1,1,0,0,0,25,5,20,15,3,12,46,9,37,2,1,1,86,17,69,38.152249,-83.737641
Kentucky,BELL,Bell County Sheriff's Office,KY0070000,143,50,93,177,58,119,19,3,16,0,0,0,13,4,9,2,1,1,385,47,338,135,8,127,629,57,572,18,5,13,1149,112,1037,36.72268,-83.681046
Kentucky,BELL,Middlesboro Police Department,KY0070100,172,66,106,293,105,188,23,6,17,0,0,0,25,3,22,2,1,1,440,76,364,218,28,190,3567,799,2768,48,9,39,4225,903,3322,36.72268,-83.681046
Kentucky,BELL,Pineville Police Department,KY0070200,21,10,11,28,10,18,3,0,3,0,0,0,2,0,2,0,0,0,80,9,71,22,3,19,175,24,151,4,0,4,277,36,241,36.72268,-83.681046
Kentucky,BOONE,Boone County Sheriff's Office,KY0080000,371,145,226,944,353,591,32,6,26,7,3,4,225,90,135,19,8,11,1405,206,1199,885,158,727,5449,645,4804,423,169,254,7739,1009,6730,38.974595,-84.731431
Kentucky,BOONE,Florence Police Department,KY0080200,306,126,180,801,293,508,24,5,19,8,0,8,115,37,78,9,5,4,1061,243,818,686,160,526,14155,4450,9705,200,64,136,15902,4853,11049,38.996952,-84.6432
Kentucky,BOONE,Cincinnati-Northern Kentucky International Airport,KY0080500,6,3,3,6,3,3,0,0,0,0,0,0,0,0,0,0,0,0,4,2,2,156,25,131,363,66,297,0,0,0,523,93,430,38.974595,-84.731431
Kentucky,BOURBON,Bourbon County Sheriff's Office,KY0090000,26,9,17,39,13,26,3,1,2,0,0,0,4,0,4,0,0,0,227,15,212,61,6,55,318,13,305,11,3,8,606,34,572,38.21276,-84.249535
Kentucky,BOURBON,Paris Police Department,KY0090100,109,43,66,193,67,126,5,0,5,0,0,0,16,2,14,6,3,3,355,46,309,123,15,108,1319,181,1138,27,5,22,1797,242,1555,38.21166,-84.2516
Kentucky,"BOURBON, NICHOLAS",Millersburg Police Department,KY0090200,1,0,1,1,0,1,1,0,1,0,0,0,0,0,0,0,0,0,27,0,27,5,0,5,42,1,41,0,0,0,74,1,73,38.202562,-84.20986
Kentucky,BOURBON,Bourbon County Constable District 3,KY0090400,0,0,0,0,0,0,0,0,0,0,0,0,0,0,0,0,0,0,0,0,0,0,0,0,0,0,0,0,0,0,0,0,0,,
Kentucky,BOURBON,Bourbon County Constable District 7,KY0090700,0,0,0,0,0,0,0,0,0,0,0,0,0,0,0,0,0,0,0,0,0,0,0,0,0,0,0,0,0,0,0,0,0,,
Kentucky,BOURBON,Bourbon County Schools,KY0090800,2,0,2,2,0,2,0,0,0,0,0,0,0,0,0,0,0,0,2,0,2,0,0,0,4,0,4,0,0,0,6,0,6,,
Kentucky,BOYD,Boyd County Sheriff's Office,KY0100000,171,73,98,226,91,135,6,2,4,0,0,0,19,5,14,2,1,1,528,109,419,235,46,189,922,219,703,31,10,21,1685,374,1311,38.360004,-82.681406
Kentucky,BOYD,Ashland Police Department,KY0100100,309,126,183,539,190,349,32,8,24,5,2,3,55,15,40,18,6,12,1122,218,904,407,67,340,6568,1748,4820,124,35,89,8097,2033,6064,38.360004,-82.681406
Kentucky,BOYD,Catlettsburg Police Department,KY0100200,18,5,13,31,7,24,1,0,1,0,0,0,0,0,0,0,0,0,72,8,64,36,4,32,257,49,208,4,1,3,365,61,304,38.360004,-82.681406
Kentucky,BOYD,FIVCO Area Drug Task Force,KY0100400,0,0,0,0,0,0,0,0,0,0,0,0,0,0,0,0,0,0,2,1,1,0,0,0,7,3,4,0,0,0,9,4,5,38.360004,-82.681406
Kentucky,BOYD,Northeast Kentucky Drug Task Force,KY0100900,0,0,0,0,0,0,0,0,0,0,0,0,0,0,0,0,0,0,0,0,0,0,0,0,0,0,0,0,0,0,0,0,0,,
Kentucky,BOYLE,Boyle County Sheriff's Office,KY0110000,35,14,21,55,21,34,2,1,1,0,0,0,7,2,5,0,0,0,133,26,107,41,5,36,132,12,120,17,7,10,306,43,263,37.645885,-84.77323
Kentucky,BOYLE,Danville Police Department,KY0110100,145,51,94,284,77,207,19,1,18,0,0,0,40,4,36,0,0,0,741,156,585,206,21,185,1679,203,1476,70,9,61,2626,380,2246,37.618104,-84.868352
Kentucky,"BOYLE, LINCOLN",Junction City Police Department,KY0110200,3,1,2,3,1,2,0,0,0,0,0,0,0,0,0,0,0,0,83,3,80,7,0,7,27,3,24,0,0,0,117,6,111,37.618104,-84.868352
Kentucky,BOYLE,Perryville Police Department,KY0110300,0,0,0,0,0,0,0,0,0,0,0,0,0,0,0,0,0,0,0,0,0,0,0,0,0,0,0,0,0,0,0,0,0,37.618104,-84.868352
Kentucky,BRACKEN,Bracken County Sheriff's Office,KY0120000,17,2,15,21,3,18,0,0,0,0,0,0,0,0,0,0,0,0,100,11,89,74,12,62,153,9,144,0,0,0,327,32,295,38.677557,-84.10468
Kentucky,BRACKEN,Augusta Police Department,KY0120100,11,3,8,14,4,10,0,0,0,0,0,0,0,0,0,0,0,0,20,1,19,11,3,8,77,7,70,0,0,0,108,11,97,38.677557,-84.10468
Kentucky,BRACKEN,Brooksville Police Department,KY0120200,0,0,0,0,0,0,0,0,0,0,0,0,0,0,0,0,0,0,1,0,1,1,0,1,6,0,6,0,0,0,8,0,8,38.677557,-84.10468
Kentucky,BREATHITT,Breathitt County Sheriff's Office,KY0130000,6,3,3,14,6,8,0,0,0,0,0,0,0,0,0,6,2,4,21,3,18,16,3,13,41,6,35,0,0,0,78,12,66,37.554176,-83.38336
Kentucky,BREATHITT,Jackson Police Department,KY0130100,8,1,7,16,4,12,1,0,1,0,0,0,2,1,1,0,0,0,84,10,74,31,2,29,363,97,266,5,2,3,478,109,369,37.552784,-83.385506
Kentucky,BREATHITT,Breathitt County Constable District 2,KY0130400,0,0,0,0,0,0,0,0,0,0,0,0,0,0,0,0,0,0,0,0,0,0,0,0,0,0,0,0,0,0,0,0,0,,
Kentucky,BRECKINRIDGE,Breckinridge County Sheriff's Office,KY0140000,66,28,38,91,37,54,3,0,3,0,0,0,5,2,3,7,3,4,105,19,86,112,12,100,160,15,145,11,3,8,377,46,331,37.778109,-86.432829
Kentucky,BRECKINRIDGE,Hardinsburg Police Department,KY0140100,15,5,10,20,6,14,0,0,0,0,0,0,2,0,2,1,0,1,63,9,54,19,1,18,80,10,70,2,0,2,162,20,142,37.778109,-86.432829
Kentucky,BRECKINRIDGE,Cloverport Police Department,KY0140200,9,4,5,10,4,6,2,0,2,0,0,0,1,0,1,0,0,0,14,4,10,6,1,5,18,2,16,1,0,1,38,7,31,37.83717,-86.63158
Kentucky,BRECKINRIDGE,Irvington Police Department,KY0140300,23,9,14,23,9,14,0,0,0,0,0,0,0,0,0,0,0,0,22,2,20,19,4,15,45,9,36,0,0,0,86,15,71,37.778109,-86.432829
Kentucky,BULLITT,Bullitt County Sheriff's Office,KY0150000,172,48,124,303,64,239,15,2,13,1,0,1,32,1,31,15,4,11,933,56,877,588,46,542,1799,82,1717,69,5,64,3320,184,3136,37.969572,-85.703036
Kentucky,BULLITT,Shepherdsville Police Department,KY0150100,133,35,98,284,59,225,10,1,9,1,0,1,36,4,32,1,0,1,609,59,550,434,29,405,2030,202,1828,66,6,60,3073,290,2783,37.969572,-85.703036
Kentucky,BULLITT,Lebanon Junction Police Department,KY0150200,1,0,1,9,2,7,0,0,0,0,0,0,0,0,0,2,1,1,12,1,11,6,0,6,31,1,30,1,0,1,49,2,47,37.969572,-85.703036
Kentucky,BULLITT,Mount Washington Police Department,KY0150300,46,12,34,95,23,72,3,0,3,0,0,0,10,2,8,2,0,2,220,21,199,142,5,137,781,40,741,22,4,18,1143,66,1077,37.969572,-85.703036
Kentucky,BULLITT,Hillview Police Department,KY0150500,42,13,29,98,22,76,9,4,5,0,0,0,10,2,8,0,0,0,201,22,179,206,14,192,747,39,708,28,6,22,1154,75,1079,38.079086,-85.676926
Kentucky,BULLITT,Pioneer Village Police Department,KY0150600,3,1,2,8,2,6,0,0,0,0,0,0,0,0,0,0,0,0,35,1,34,37,2,35,99,6,93,1,0,1,171,9,162,37.969572,-85.703036
Kentucky,BULLITT,Bullitt County Drug Task Force,KY0151200,0,0,0,0,0,0,0,0,0,0,0,0,0,0,0,0,0,0,0,0,0,0,0,0,0,0,0,0,0,0,0,0,0,,
Kentucky,BUTLER,Butler County Sheriff's Office,KY0160000,35,16,19,43,18,25,5,2,3,0,0,0,1,0,1,0,0,0,142,20,122,75,7,68,162,9,153,2,0,2,379,36,343,37.207013,-86.682471
Kentucky,BUTLER,Morgantown Police Department,KY0160100,27,9,18,44,13,31,2,0,2,0,0,0,7,2,5,0,0,0,70,8,62,39,4,35,126,12,114,14,4,10,235,24,211,37.207013,-86.682471
Kentucky,CALDWELL,Caldwell County Sheriff's Office,KY0170000,24,8,16,28,9,19,4,0,4,0,0,0,0,0,0,0,0,0,152,15,137,56,6,50,166,14,152,3,1,2,374,35,339,37.10933,-87.88178
Kentucky,CALDWELL,Princeton Police Department,KY0170100,94,38,56,172,67,105,6,1,5,1,1,0,17,5,12,8,4,4,508,89,419,138,44,94,1443,432,1011,40,13,27,2089,565,1524,37.10793,-87.88273
Kentucky,CALLOWAY,Calloway County Sheriff's Office,KY0180000,92,38,54,162,64,98,25,7,18,0,0,0,34,13,21,10,5,5,793,100,693,173,36,137,984,121,863,52,19,33,1950,257,1693,36.609882,-88.30133
Kentucky,CALLOWAY,Murray Police Department,KY0180100,148,43,105,298,66,232,5,1,4,0,0,0,53,8,45,8,2,6,740,100,640,166,22,144,3241,356,2885,89,12,77,4147,478,3669,36.60865,-88.302155
Kentucky,CALLOWAY,Murray State University,KY0180200,7,2,5,47,20,27,2,0,2,0,0,0,23,10,13,0,0,0,68,14,54,11,2,9,433,43,390,40,18,22,512,59,453,36.620978,-88.274086
Kentucky,CAMPBELL,Campbell County Sheriff's Office,KY0190000,2,1,1,2,1,1,0,0,0,0,0,0,0,0,0,0,0,0,0,0,0,0,0,0,3,0,3,0,0,0,3,0,3,39.086143,-84.48753
Kentucky,CAMPBELL,Bellevue Police Department,KY0190100,20,10,10,57,20,37,4,0,4,0,0,0,9,2,7,0,0,0,120,17,103,62,7,55,704,108,596,20,6,14,886,132,754,39.106216,-84.47929
Kentucky,CAMPBELL,Campbell County Police Department,KY0190200,66,24,42,216,89,127,4,1,3,16,16,0,56,24,32,2,1,1,334,53,281,198,57,141,909,147,762,135,58,77,1441,257,1184,38.946981,-84.379583
Kentucky,CAMPBELL,Dayton Police Department,KY0190300,57,21,36,100,31,69,4,2,2,0,0,0,12,2,10,1,0,1,215,20,195,93,15,78,594,85,509,20,3,17,902,120,782,39.112373,-84.47399
Kentucky,CAMPBELL,Fort Thomas Police Department,KY0190400,22,7,15,56,14,42,1,0,1,0,0,0,15,3,12,0,0,0,120,17,103,78,14,64,625,55,570,20,4,16,823,86,737,39.080936,-84.449165
Kentucky,CAMPBELL,Highland Heights  Police Department,KY0190500,20,6,14,47,11,36,1,0,1,0,0,0,9,2,7,0,0,0,74,8,66,38,3,35,424,25,399,14,3,11,536,36,500,38.946981,-84.379583
Kentucky,CAMPBELL,Newport Police Department,KY0190600,167,48,119,468,100,368,33,5,28,0,0,0,53,3,50,4,0,4,737,107,630,393,26,367,4465,916,3549,95,12,83,5595,1049,4546,39.08723,-84.48889
Kentucky,CAMPBELL,Alexandria Police Department,KY0190700,30,9,21,58,16,42,0,0,0,0,0,0,3,0,3,4,2,2,104,13,91,81,7,74,1267,298,969,12,2,10,1452,318,1134,38.957138,-84.39424
Kentucky,CAMPBELL,Southgate Police Department,KY0190800,27,10,17,48,14,34,0,0,0,1,0,1,8,1,7,0,0,0,44,6,38,38,5,33,187,14,173,9,1,8,269,25,244,38.946981,-84.379583
Kentucky,CAMPBELL,Cold Spring Police Department,KY0190900,13,4,9,45,12,33,0,0,0,0,0,0,3,0,3,0,0,0,87,18,69,44,4,40,1011,274,737,8,2,6,1142,296,846,39.00067,-84.42031
Kentucky,CAMPBELL,Wilder Police Department,KY0191200,20,3,17,29,5,24,0,0,0,0,0,0,4,1,3,1,0,1,40,4,36,37,4,33,277,17,260,6,1,5,354,25,329,39.05607,-84.486855
Kentucky,CAMPBELL,Northern Kentucky University,KY0191500,2,1,1,26,11,15,1,0,1,0,0,0,15,5,10,0,0,0,26,4,22,7,2,5,303,29,274,24,10,14,336,35,301,38.946981,-84.379583
Kentucky,CARLISLE,Carlisle County Sheriff's Office,KY0200000,11,4,7,15,5,10,2,1,1,0,0,0,3,1,2,0,0,0,55,11,44,13,1,12,75,1,74,3,1,2,143,13,130,36.857726,-88.975757
Kentucky,CARLISLE,Bardwell Police Department,KY0200100,0,0,0,0,0,0,0,0,0,0,0,0,0,0,0,0,0,0,2,0,2,1,0,1,9,0,9,0,0,0,12,0,12,36.857726,-88.975757
Kentucky,CARROLL,Carroll County Sheriff's Office,KY0210000,30,11,19,40,13,27,5,1,4,0,0,0,3,0,3,0,0,0,77,14,63,66,10,56,167,32,135,5,1,4,310,56,254,38.73744,-85.061615
Kentucky,CARROLL,Carrollton Police Department,KY0210100,37,15,22,48,18,30,2,0,2,0,0,0,0,0,0,0,0,0,103,24,79,72,20,52,291,70,221,5,1,4,466,114,352,38.668284,-85.124083
Kentucky,CARTER,Carter County Sheriff's Office,KY0220000,45,19,26,61,20,41,3,0,3,0,0,0,2,0,2,1,0,1,143,8,135,103,7,96,166,6,160,3,0,3,412,21,391,38.309555,-83.048821
Kentucky,CARTER,Grayson Police Department,KY0220100,45,18,27,70,22,48,5,0,5,0,0,0,6,1,5,2,1,1,126,20,106,77,9,68,503,48,455,7,1,6,706,77,629,38.3317,-82.94438
Kentucky,CARTER,Olive Hill Police Department,KY0220200,12,4,8,12,4,8,3,1,2,0,0,0,0,0,0,0,0,0,55,7,48,18,0,18,80,1,79,0,0,0,153,8,145,38.309555,-83.048821
Kentucky,CASEY,Casey County Sheriff's Office,KY0230000,23,9,14,31,11,20,2,1,1,0,0,0,3,1,2,0,0,0,173,39,134,64,10,54,98,16,82,3,1,2,335,65,270,37.321962,-84.92822
Kentucky,CASEY,Liberty Police Department,KY0230100,16,7,9,16,7,9,0,0,0,0,0,0,0,0,0,0,0,0,34,10,24,13,2,11,26,4,22,0,0,0,73,16,57,37.321962,-84.92822
Kentucky,CASEY,Casey County Constable District 2,KY0230300,0,0,0,0,0,0,0,0,0,0,0,0,0,0,0,0,0,0,0,0,0,0,0,0,0,0,0,0,0,0,0,0,0,,
Kentucky,CASEY,Casey County Constable District 1,KY0230400,0,0,0,0,0,0,0,0,0,0,0,0,0,0,0,0,0,0,0,0,0,0,0,0,0,0,0,0,0,0,0,0,0,,
Kentucky,CHRISTIAN,Christian County Sheriff's Office,KY0240000,168,60,108,282,95,187,20,4,16,0,0,0,47,16,31,9,3,6,877,128,749,334,48,286,1353,145,1208,73,25,48,2564,321,2243,36.867123,-87.48955
Kentucky,CHRISTIAN,Hopkinsville Police Department,KY0240100,592,233,359,1243,467,776,37,9,28,0,0,0,129,43,86,52,23,29,2166,560,1606,698,204,494,7832,1669,6163,234,75,159,10696,2433,8263,36.870354,-87.486595
Kentucky,CHRISTIAN,Pembroke Police Department,KY0240300,1,0,1,4,1,3,1,0,1,0,0,0,2,1,1,0,0,0,19,2,17,2,0,2,41,2,39,2,1,1,62,4,58,36.892059,-87.492986
Kentucky,CHRISTIAN,Oak Grove Police Department,KY0240500,139,35,104,294,57,237,5,1,4,4,2,2,45,7,38,7,1,6,476,51,425,219,16,203,2044,321,1723,77,10,67,2739,388,2351,36.892059,-87.492986
Kentucky,CHRISTIAN,Pennyrile Narcotics Task Force,KY0240600,2,1,1,2,1,1,0,0,0,0,0,0,0,0,0,0,0,0,0,0,0,4,2,2,19,6,13,0,0,0,23,8,15,36.892059,-87.492986
Kentucky,CHRISTIAN,Christian County Constable District 2,KY0240700,0,0,0,0,0,0,0,0,0,0,0,0,0,0,0,0,0,0,0,0,0,0,0,0,0,0,0,0,0,0,0,0,0,,
Kentucky,CLARK,Clark County Sheriff's Office,KY0250000,61,22,39,114,30,84,4,1,3,0,0,0,17,2,15,0,0,0,566,21,545,140,6,134,788,28,760,35,6,29,1494,55,1439,37.99308,-84.17733
Kentucky,CLARK,Winchester Police Department,KY0250100,275,117,158,478,165,313,24,9,15,0,0,0,32,4,28,9,3,6,1325,228,1097,621,74,547,6437,1251,5186,81,16,65,8383,1553,6830,37.970133,-84.144974
Kentucky,CLARK,Clark County School System,KY0250400,9,2,7,9,2,7,0,0,0,0,0,0,0,0,0,0,0,0,4,0,4,0,0,0,26,1,25,0,0,0,30,1,29,37.981075,-84.192696
Kentucky,CLARK,Clark County Constable,KY0250600,0,0,0,0,0,0,0,0,0,0,0,0,0,0,0,0,0,0,0,0,0,0,0,0,0,0,0,0,0,0,0,0,0,,
Kentucky,CLAY,Clay County Sheriff's Office,KY0260000,67,25,42,88,31,57,8,1,7,0,0,0,0,0,0,14,6,8,198,26,172,231,10,221,343,22,321,1,0,1,772,58,714,37.155434,-83.763435
Kentucky,CLAY,Manchester Police Department,KY0260100,21,7,14,32,10,22,6,1,5,0,0,0,2,0,2,0,0,0,69,20,49,59,11,48,136,28,108,4,1,3,264,59,205,37.164466,-83.710762
Kentucky,CLINTON,Clinton County Sheriff's Office,KY0270000,32,15,17,38,16,22,2,1,1,0,0,0,0,0,0,2,1,1,48,17,31,47,4,43,67,10,57,2,0,2,162,31,131,36.728865,-85.153426
Kentucky,CLINTON,Albany Police Department,KY0270100,2,1,1,3,1,2,2,0,2,0,0,0,0,0,0,0,0,0,6,2,4,9,0,9,14,2,12,0,0,0,29,4,25,36.728865,-85.153426
Kentucky,CRITTENDEN,Crittenden County Sheriff's Office,KY0280000,8,2,6,15,3,12,2,0,2,0,0,0,3,0,3,0,0,0,79,12,67,24,0,24,78,1,77,7,1,6,181,13,168,37.358149,-88.10501
Kentucky,CRITTENDEN,Marion Police Department,KY0280100,26,11,15,52,19,33,1,0,1,1,0,1,12,3,9,0,0,0,143,21,122,34,10,24,354,69,285,22,7,15,531,100,431,37.334797,-88.08108
Kentucky,CUMBERLAND,Cumberland County Sheriff's Office,KY0290000,5,1,4,7,1,6,0,0,0,0,0,0,0,0,0,0,0,0,62,13,49,16,1,15,34,5,29,2,0,2,112,19,93,36.784227,-85.393499
Kentucky,CUMBERLAND,Burkesville Police Department,KY0290100,3,1,2,7,3,4,0,0,0,0,0,0,0,0,0,0,0,0,12,3,9,9,0,9,22,2,20,4,2,2,43,5,38,36.784227,-85.393499
Kentucky,DAVIESS,Daviess County Sheriff's Office,KY0300000,144,55,89,275,95,180,19,5,14,0,0,0,38,8,30,15,7,8,872,109,763,386,71,315,2241,240,2001,87,24,63,3499,420,3079,37.774654,-87.11237
Kentucky,DAVIESS,Owensboro Police Department,KY0300100,878,310,568,2080,780,1300,112,25,87,2,1,1,326,132,194,40,17,23,3841,851,2990,2533,661,1872,18060,3727,14333,586,239,347,24434,5239,19195,37.731671,-87.087139
Kentucky,EDMONSON,Edmonson County Sheriff's Office,KY0310000,67,28,39,76,31,45,4,1,3,0,0,0,2,1,1,0,0,0,85,24,61,47,5,42,124,18,106,4,2,2,256,47,209,37.227856,-86.217778
Kentucky,EDMONSON,Brownsville Police Department,KY0310100,9,4,5,10,4,6,0,0,0,0,0,0,1,0,1,0,0,0,7,0,7,6,0,6,29,5,24,1,0,1,42,5,37,37.227856,-86.217778
Kentucky,ELLIOTT,Elliott County Sheriff's Office,KY0320000,6,3,3,8,4,4,0,0,0,0,0,0,2,1,1,0,0,0,8,1,7,8,1,7,13,0,13,2,1,1,29,2,27,38.115438,-83.097209
Kentucky,ESTILL,Estill County Sheriff's Office,KY0330000,27,10,17,32,12,20,2,1,1,0,0,0,0,0,0,0,0,0,87,11,76,39,7,32,123,12,111,0,0,0,249,30,219,37.69921,-83.9752
Kentucky,ESTILL,Irvine Police Department,KY0330100,22,10,12,38,16,22,5,2,3,0,0,0,0,0,0,1,0,1,68,20,48,27,5,22,66,14,52,10,4,6,161,39,122,37.692449,-83.963983
Kentucky,ESTILL,Ravenna Police Department,KY0330200,1,0,1,2,0,2,0,0,0,0,0,0,1,0,1,0,0,0,6,0,6,3,0,3,28,2,26,1,0,1,37,2,35,37.685017,-83.95427
Kentucky,FAYETTE,Fayette County Sheriff's Office,KY0340000,2,1,1,2,1,1,2,1,1,0,0,0,0,0,0,0,0,0,2,1,1,0,0,0,0,0,0,0,0,0,2,1,1,38.047245,-84.49579
Kentucky,FAYETTE,Lexington Police Department,KY0340200,4705,1625,3080,11512,3316,8196,396,99,297,48,6,42,1159,207,952,359,145,214,17107,3224,13883,11079,2381,8698,80481,17806,62675,2098,454,1644,108667,23411,85256,38.045673,-84.496284
Kentucky,FAYETTE,University of Kentucky,KY0340300,81,28,53,158,34,124,12,2,10,0,0,0,47,0,47,0,0,0,166,13,153,172,11,161,3586,83,3503,58,1,57,3924,107,3817,38.037777,-84.4997
Kentucky,FAYETTE,Fayette County Schools,KY0340400,97,27,70,110,30,80,10,1,9,0,0,0,1,0,1,0,0,0,46,3,43,9,0,9,632,51,581,5,0,5,687,54,633,38.036545,-84.48592
Kentucky,FAYETTE,Lexington Bluegrass Airport,KY0340500,0,0,0,0,0,0,0,0,0,0,0,0,0,0,0,0,0,0,0,0,0,59,1,58,47,1,46,0,0,0,106,2,104,38.04407,-84.59362
Kentucky,FAYETTE,Fayette County Constable District 1,KY0340700,0,0,0,0,0,0,0,0,0,0,0,0,0,0,0,0,0,0,0,0,0,0,0,0,2,0,2,0,0,0,2,0,2,,
Kentucky,FAYETTE,Kentucky Horse Park,KY0340800,0,0,0,1,0,1,0,0,0,0,0,0,0,0,0,0,0,0,8,1,7,5,2,3,177,2,175,0,0,0,190,5,185,38.040149,-84.458421
Kentucky,FLEMING,Fleming County Sheriff's Office,KY0350000,52,25,27,54,25,29,4,2,2,0,0,0,0,0,0,0,0,0,89,20,69,48,8,40,73,15,58,0,0,0,210,43,167,38.423786,-83.73422
Kentucky,FLEMING,Flemingsburg Police Department,KY0350100,15,6,9,23,7,16,5,2,3,0,0,0,5,0,5,0,0,0,105,24,81,37,7,30,256,35,221,8,1,7,398,66,332,38.421734,-83.7342
Kentucky,FLOYD,Floyd County Sheriff's Office,KY0360000,39,16,23,52,20,32,2,1,1,0,0,0,8,4,4,0,0,0,135,24,111,102,8,94,238,34,204,9,4,5,475,66,409,37.558283,-82.740337
Kentucky,FLOYD,Prestonsburg Police Department,KY0360100,82,33,49,100,38,62,5,1,4,0,0,0,1,0,1,2,1,1,136,32,104,65,14,51,245,50,195,9,2,7,446,96,350,37.672394,-82.73068
Kentucky,FLOYD,Wheelwright Police Department,KY0360200,0,0,0,0,0,0,0,0,0,0,0,0,0,0,0,0,0,0,0,0,0,0,0,0,1,0,1,0,0,0,1,0,1,37.558283,-82.740337
Kentucky,FLOYD,Martin Police Department,KY0360300,8,4,4,8,4,4,0,0,0,0,0,0,0,0,0,0,0,0,7,2,5,5,0,5,16,3,13,0,0,0,28,5,23,37.558283,-82.740337
Kentucky,FLOYD,Wayland Police Department,KY0360400,0,0,0,0,0,0,0,0,0,0,0,0,0,0,0,0,0,0,4,2,2,0,0,0,2,0,2,0,0,0,6,2,4,37.558283,-82.740337
Kentucky,FLOYD,Allen Police Department,KY0360500,0,0,0,0,0,0,0,0,0,0,0,0,0,0,0,0,0,0,0,0,0,0,0,0,0,0,0,0,0,0,0,0,0,37.558283,-82.740337
Kentucky,FRANKLIN,Franklin County Sheriff's Office,KY0370000,156,56,100,266,84,182,6,2,4,72,16,56,50,16,34,10,3,7,527,45,482,254,14,240,1057,38,1019,77,22,55,1838,97,1741,38.234919,-84.868786
Kentucky,FRANKLIN,Frankfort Police Department,KY0370100,523,194,329,1034,364,670,37,9,28,0,0,0,130,44,86,39,16,23,1704,272,1432,819,109,710,6380,1144,5236,212,77,135,8903,1525,7378,38.234919,-84.868786
Kentucky,FRANKLIN,Motor Vehicle Enforcement,KY0370200,5,1,4,8,3,5,0,0,0,32,16,16,0,0,0,1,1,0,14,5,9,15,3,12,57,17,40,0,0,0,86,25,61,38.234919,-84.868786
Kentucky,FRANKLIN,Park Security,KY0370300,0,0,0,0,0,0,1,0,1,0,0,0,0,0,0,0,0,0,25,1,24,7,1,6,132,1,131,0,0,0,164,3,161,38.234919,-84.868786
Kentucky,FRANKLIN,Kentucky State University,KY0370500,0,0,0,1,0,1,0,0,0,0,0,0,1,0,1,0,0,0,13,0,13,2,0,2,29,1,28,1,0,1,44,1,43,38.19979,-84.85649
Kentucky,FRANKLIN,Forestry Enforcement,KY0370800,0,0,0,0,0,0,0,0,0,0,0,0,0,0,0,0,0,0,0,0,0,0,0,0,0,0,0,0,0,0,0,0,0,38.215393,-84.839195
Kentucky,FRANKLIN,Fish and Wildlife Enforcement,KY0371200,10,4,6,10,4,6,0,0,0,0,0,0,0,0,0,0,0,0,11,3,8,5,2,3,67,10,57,0,0,0,83,15,68,38.173565,-84.92247
Kentucky,FRANKLIN,Alcohol Beverage Control Enforcement Division,KY0371400,2,1,1,2,1,1,0,0,0,0,0,0,0,0,0,0,0,0,0,0,0,0,0,0,0,0,0,0,0,0,0,0,0,38.157974,-84.89956
Kentucky,FRANKLIN,Department of Agriculture Animal Health Enforcement Division,KY0371800,0,0,0,0,0,0,0,0,0,0,0,0,0,0,0,0,0,0,0,0,0,0,0,0,3,1,2,0,0,0,3,1,2,38.234919,-84.868786
Kentucky,FRANKLIN,Franklin County Constable District 1,KY0372200,0,0,0,0,0,0,0,0,0,0,0,0,0,0,0,0,0,0,0,0,0,0,0,0,0,0,0,0,0,0,0,0,0,38.130898,-84.932655
Kentucky,FULTON,Fulton County Sheriff's Office,KY0380000,3,1,2,4,1,3,0,0,0,0,0,0,1,0,1,0,0,0,30,6,24,9,0,9,57,6,51,1,0,1,96,12,84,36.55262,-89.187723
Kentucky,FULTON,Fulton Police Department,KY0380100,48,17,31,65,21,44,5,1,4,0,0,0,4,2,2,0,0,0,182,35,147,36,6,30,831,183,648,8,3,5,1049,224,825,36.55262,-89.187723
Kentucky,FULTON,Hickman Police Department,KY0380200,11,4,7,13,5,8,2,1,1,0,0,0,0,0,0,0,0,0,10,1,9,1,0,1,12,0,12,0,0,0,23,1,22,36.55262,-89.187723
Kentucky,GALLATIN,Gallatin County Sheriff's Office,KY0390000,31,14,17,34,14,20,6,2,4,0,0,0,1,0,1,0,0,0,85,13,72,44,6,38,149,13,136,2,0,2,278,32,246,38.760107,-84.862151
Kentucky,GALLATIN,Warsaw Police Department,KY0390100,22,8,14,26,9,17,1,0,1,0,0,0,2,1,1,0,0,0,42,6,36,5,0,5,71,5,66,2,1,1,118,11,107,38.760107,-84.862151
Kentucky,GARRARD,Garrard County Sheriff's Office,KY0400000,12,5,7,22,7,15,1,0,1,0,0,0,4,0,4,0,0,0,59,8,51,24,1,23,74,5,69,10,2,8,157,14,143,37.630162,-84.545856
Kentucky,GARRARD,Lancaster Police Department,KY0400100,87,35,52,111,39,72,4,2,2,0,0,0,5,0,5,4,2,2,277,66,211,93,24,69,481,77,404,8,0,8,851,167,684,37.621395,-84.58586
Kentucky,GARRARD,Garrard County Constable District 2,KY0400200,0,0,0,0,0,0,0,0,0,0,0,0,0,0,0,0,0,0,0,0,0,0,0,0,0,0,0,0,0,0,0,0,0,,
Kentucky,GARRARD,Garrard County Constable District 1,KY0400600,0,0,0,0,0,0,0,0,0,0,0,0,0,0,0,0,0,0,0,0,0,0,0,0,0,0,0,0,0,0,0,0,0,37.630162,-84.545856
Kentucky,GARRARD,Garrard County Police Department,KY0400800,23,7,16,27,8,19,0,0,0,0,0,0,0,0,0,0,0,0,106,14,92,58,9,49,176,9,167,4,1,3,340,32,308,,
Kentucky,GRANT,Grant County Sheriff's Office,KY0410000,70,27,43,99,34,65,3,1,2,0,0,0,14,2,12,0,0,0,264,22,242,146,13,133,583,43,540,22,6,16,993,78,915,38.637524,-84.560555
Kentucky,GRANT,Williamstown Police Department,KY0410100,10,2,8,16,2,14,4,2,2,0,0,0,3,0,3,0,0,0,64,8,56,36,3,33,206,17,189,4,0,4,306,28,278,38.64921,-84.625946
Kentucky,GRANT,Dry Ridge Police Department,KY0410200,6,1,5,13,2,11,2,1,1,0,0,0,1,0,1,0,0,0,16,0,16,32,5,27,336,57,279,5,1,4,384,62,322,38.64921,-84.625946
Kentucky,GRAVES,Graves County Sheriff's Office,KY0420000,163,72,91,297,118,179,16,4,12,0,0,0,61,23,38,5,2,3,827,122,705,233,48,185,1086,118,968,98,32,66,2146,288,1858,36.74067,-88.635704
Kentucky,GRAVES,Mayfield Police Department,KY0420100,222,84,138,384,130,254,7,1,6,0,0,0,46,16,30,8,4,4,841,177,664,181,34,147,2682,513,2169,69,22,47,3704,724,2980,36.741657,-88.637344
Kentucky,GRAVES,Graves County Constable District 2,KY0420400,0,0,0,0,0,0,0,0,0,0,0,0,0,0,0,0,0,0,0,0,0,0,0,0,0,0,0,0,0,0,0,0,0,,
Kentucky,GRAVES,Graves County Schools,KY0420700,0,0,0,0,0,0,0,0,0,0,0,0,0,0,0,0,0,0,0,0,0,0,0,0,1,0,1,0,0,0,1,0,1,36.723344,-88.649897
Kentucky,GRAYSON,Grayson County Sheriff's Office,KY0430000,94,38,56,114,40,74,4,1,3,0,0,0,6,1,5,0,0,0,246,30,216,119,8,111,336,20,316,13,1,12,701,58,643,37.458577,-86.344011
Kentucky,GRAYSON,Leitchfield Police Department,KY0430100,78,21,57,126,28,98,5,1,4,0,0,0,23,2,21,0,0,0,281,32,249,123,18,105,1133,258,875,36,4,32,1537,308,1229,37.48007,-86.29276
Kentucky,GRAYSON,Caneyville Police Department,KY0430200,0,0,0,0,0,0,0,0,0,0,0,0,0,0,0,0,0,0,0,0,0,0,0,0,0,0,0,0,0,0,0,0,0,37.458577,-86.344011
Kentucky,GRAYSON,Clarkson Police Department,KY0430300,0,0,0,0,0,0,0,0,0,0,0,0,0,0,0,0,0,0,5,0,5,1,0,1,1,0,1,0,0,0,7,0,7,37.458577,-86.344011
Kentucky,GREEN,Green County Sheriff's Office,KY0440000,19,7,12,24,9,15,2,1,1,0,0,0,5,2,3,0,0,0,35,11,24,19,7,12,31,6,25,5,2,3,85,24,61,37.261383,-85.50374
Kentucky,GREEN,Greensburg Police Department,KY0440100,30,11,19,44,15,29,0,0,0,0,0,0,5,1,4,0,0,0,46,5,41,25,6,19,196,22,174,12,3,9,267,33,234,37.262486,-85.501656
Kentucky,GREENUP,Greenup County Sheriff's Office,KY0450000,27,9,18,39,14,25,3,1,2,1,0,1,2,1,1,0,0,0,94,15,79,69,6,63,138,8,130,3,1,2,301,29,272,38.563596,-82.933832
Kentucky,GREENUP,Flatwoods Police Department,KY0450100,25,10,15,38,12,26,1,0,1,0,0,0,4,0,4,2,1,1,78,10,68,35,8,27,133,10,123,7,0,7,246,28,218,38.515682,-82.723404
Kentucky,GREENUP,Greenup Police Department,KY0450200,4,2,2,6,3,3,0,0,0,0,0,0,0,0,0,0,0,0,15,6,9,11,1,10,26,6,20,0,0,0,52,13,39,38.574684,-82.83243
Kentucky,GREENUP,Raceland Police Department,KY0450300,7,3,4,10,3,7,2,1,1,0,0,0,2,0,2,0,0,0,37,7,30,14,3,11,59,3,56,3,0,3,110,13,97,38.541397,-82.73063
Kentucky,GREENUP,South Shore Police Department,KY0450400,0,0,0,1,0,1,0,0,0,0,0,0,0,0,0,0,0,0,3,0,3,1,0,1,4,0,4,1,0,1,8,0,8,38.724247,-82.9654
Kentucky,GREENUP,Russell Police Department,KY0450500,14,4,10,38,9,29,1,0,1,0,0,0,8,2,6,0,0,0,68,8,60,19,1,18,360,43,317,13,3,10,447,52,395,38.563596,-82.933832
Kentucky,GREENUP,Worthington Police Department,KY0450600,1,0,1,1,0,1,0,0,0,0,0,0,0,0,0,0,0,0,12,1,11,1,0,1,20,0,20,0,0,0,33,1,32,38.563596,-82.933832
Kentucky,GREENUP,Bellefonte Police Department,KY0451000,0,0,0,2,1,1,1,0,1,0,0,0,2,1,1,0,0,0,2,0,2,2,1,1,2,0,2,2,1,1,6,1,5,38.491722,-82.68829
Kentucky,HANCOCK,Hancock County Sheriff's Office,KY0460000,7,2,5,16,4,12,0,0,0,1,0,1,2,0,2,1,0,1,66,12,54,35,2,33,68,5,63,7,2,5,169,19,150,37.843325,-86.792761
Kentucky,HANCOCK,Hawesville Police Department,KY0460100,0,0,0,1,0,1,0,0,0,0,0,0,1,0,1,0,0,0,13,2,11,1,0,1,35,2,33,1,0,1,49,4,45,37.843325,-86.792761
Kentucky,HANCOCK,Lewisport Police Department,KY0460200,1,0,1,2,0,2,1,0,1,0,0,0,0,0,0,0,0,0,8,2,6,2,0,2,21,2,19,0,0,0,31,4,27,37.843325,-86.792761
Kentucky,HARDIN,Hardin County Sheriff's Office,KY0470000,136,53,83,202,70,132,14,3,11,0,0,0,11,0,11,19,8,11,400,53,347,167,14,153,724,64,660,20,2,18,1291,131,1160,37.693172,-85.857796
Kentucky,HARDIN,Elizabethtown Police Department,KY0470100,321,114,207,629,164,465,36,8,28,0,0,0,73,4,69,21,8,13,1038,95,943,431,23,408,2786,385,2401,128,12,116,4255,503,3752,37.687885,-85.86853
Kentucky,HARDIN,Radcliff Police Department,KY0470200,368,140,228,748,214,534,60,11,49,3,0,3,85,9,76,26,10,16,1437,246,1191,516,97,419,4691,1054,3637,177,18,159,6644,1397,5247,37.838306,-85.94496
Kentucky,HARDIN,Vine Grove Police Department,KY0470300,23,9,14,51,18,33,2,0,2,0,0,0,7,2,5,0,0,0,152,21,131,52,3,49,333,47,286,21,8,13,537,71,466,37.695836,-85.963183
Kentucky,HARDIN,West Point Police Department,KY0470400,8,3,5,9,3,6,3,1,2,0,0,0,0,0,0,0,0,0,20,5,15,14,0,14,79,14,65,0,0,0,113,19,94,38.000317,-85.94753
Kentucky,HARDIN,Hardin County Constable District 4,KY0470700,0,0,0,0,0,0,0,0,0,0,0,0,0,0,0,0,0,0,0,0,0,0,0,0,0,0,0,0,0,0,0,0,0,37.738125,-86.026924
Kentucky,HARDIN,Greater Hardin County Narcotics Task Force,KY0471500,3,1,2,7,1,6,0,0,0,0,0,0,0,0,0,3,0,3,5,2,3,0,0,0,15,4,11,0,0,0,20,6,14,37.682365,-85.89936
Kentucky,HARLAN,Harlan County Sheriff's Office,KY0480000,36,14,22,47,19,28,6,2,4,0,0,0,0,0,0,0,0,0,106,27,79,29,6,23,134,18,116,9,4,5,269,51,218,36.859223,-83.221497
Kentucky,HARLAN,Cumberland Police Department,KY0480100,13,4,9,19,5,14,1,0,1,0,0,0,0,0,0,2,1,1,40,10,30,8,2,6,40,8,32,1,0,1,88,20,68,36.975155,-82.981926
Kentucky,HARLAN,Harlan Police Department,KY0480200,29,12,17,52,18,34,7,2,5,0,0,0,3,0,3,0,0,0,91,19,72,21,6,15,267,80,187,3,0,3,379,105,274,36.859223,-83.221497
Kentucky,HARLAN,Loyall Police Department,KY0480300,5,2,3,5,2,3,0,0,0,0,0,0,0,0,0,0,0,0,16,7,9,0,0,0,31,14,17,0,0,0,47,21,26,36.859223,-83.221497
Kentucky,HARLAN,Lynch Police Department,KY0480400,0,0,0,0,0,0,0,0,0,0,0,0,0,0,0,0,0,0,3,1,2,0,0,0,1,0,1,0,0,0,4,1,3,36.859223,-83.221497
Kentucky,HARLAN,Evarts Police Department,KY0480500,2,0,2,4,1,3,0,0,0,0,0,0,0,0,0,0,0,0,15,4,11,6,2,4,14,3,11,0,0,0,35,9,26,36.859223,-83.221497
Kentucky,HARLAN,Benham Police Department,KY0480600,0,0,0,0,0,0,0,0,0,0,0,0,0,0,0,0,0,0,0,0,0,0,0,0,0,0,0,0,0,0,0,0,0,36.859223,-83.221497
Kentucky,HARRISON,Harrison County Sheriff's Office,KY0490000,18,5,13,25,6,19,2,1,1,0,0,0,0,0,0,0,0,0,301,12,289,72,4,68,311,11,300,0,0,0,684,27,657,38.388958,-84.29589
Kentucky,HARRISON,Cynthiana Police Department,KY0490100,78,25,53,125,35,90,9,3,6,0,0,0,12,1,11,0,0,0,178,14,164,78,9,69,723,54,669,25,4,21,979,77,902,38.444578,-84.334131
Kentucky,HARRISON,Bluegrass Narcotics Task Force,KY0491000,0,0,0,0,0,0,0,0,0,1,0,1,0,0,0,0,0,0,2,1,1,0,0,0,4,1,3,0,0,0,6,2,4,,
Kentucky,HART,Hart County Sheriff's Office,KY0500000,47,18,29,56,21,35,1,0,1,0,0,0,4,1,3,0,0,0,162,21,141,58,4,54,204,14,190,5,1,4,424,39,385,37.313856,-85.881994
Kentucky,HART,Horse Cave Police Department,KY0500100,11,5,6,15,7,8,0,0,0,0,0,0,0,0,0,0,0,0,17,2,15,9,0,9,34,6,28,0,0,0,60,8,52,37.313856,-85.881994
Kentucky,HART,Munfordville Police Department,KY0500200,24,10,14,32,13,19,0,0,0,0,0,0,0,0,0,0,0,0,38,5,33,21,0,21,50,5,45,0,0,0,109,10,99,37.313856,-85.881994
Kentucky,HENDERSON,Henderson County Sheriff's Office,KY0510000,102,40,62,203,79,124,5,1,4,0,0,0,40,16,24,4,1,3,501,87,414,211,52,159,851,172,679,67,27,40,1563,311,1252,37.83887,-87.5929
Kentucky,HENDERSON,Henderson Police Department,KY0510100,477,192,285,953,355,598,28,8,20,0,0,0,100,31,69,24,12,12,1472,320,1152,741,166,575,5496,1493,4003,209,73,136,7709,1979,5730,37.792542,-87.572577
Kentucky,HENRY,Henry County Sheriff's Office,KY0520000,11,3,8,12,3,9,7,2,5,0,0,0,0,0,0,0,0,0,74,15,59,27,5,22,74,8,66,1,0,1,175,28,147,38.451561,-85.120079
Kentucky,HENRY,Eminence Police Department,KY0520200,17,7,10,37,15,22,1,0,1,0,0,0,4,1,3,2,1,1,69,11,58,29,6,23,226,26,200,16,7,9,324,43,281,38.451561,-85.120079
Kentucky,HENRY,Campbellsburg Police Department,KY0520400,0,0,0,0,0,0,0,0,0,0,0,0,0,0,0,0,0,0,0,0,0,0,0,0,0,0,0,0,0,0,0,0,0,38.451561,-85.120079
Kentucky,HICKMAN,Hickman County Sheriff's Office,KY0530000,5,1,4,12,3,9,3,1,2,0,0,0,2,1,1,0,0,0,50,5,45,22,1,21,60,3,57,7,2,5,132,9,123,36.675916,-88.97202
Kentucky,HICKMAN,Clinton Police Department,KY0530100,17,5,12,21,5,16,0,0,0,0,0,0,1,0,1,0,0,0,28,5,23,6,1,5,47,5,42,1,0,1,81,11,70,36.675916,-88.97202
Kentucky,HOPKINS,Hopkins County Sheriff's Office,KY0540000,149,60,89,234,85,149,20,4,16,0,0,0,33,9,24,6,2,4,588,77,511,261,29,232,1120,147,973,57,15,42,1969,253,1716,37.328243,-87.49925
Kentucky,HOPKINS,Madisonville Police Department,KY0540100,204,87,117,407,172,235,38,11,27,0,0,0,44,19,25,13,6,7,772,167,605,300,78,222,1951,579,1372,114,52,62,3023,824,2199,37.32837,-87.50038
Kentucky,HOPKINS,Dawson Springs Police Department,KY0540200,23,9,14,35,13,22,2,0,2,0,0,0,2,1,1,0,0,0,147,28,119,44,7,37,289,49,240,3,1,2,480,84,396,37.31107,-87.542196
Kentucky,JACKSON,Jackson County Sheriff's Office,KY0550000,47,17,30,53,18,35,5,1,4,0,0,0,1,0,1,0,0,0,242,23,219,120,5,115,220,13,207,1,0,1,582,41,541,37.40332,-84.020686
Kentucky,JACKSON,McKee Police Department,KY0550100,2,1,1,3,1,2,0,0,0,0,0,0,0,0,0,0,0,0,6,2,4,8,0,8,4,1,3,0,0,0,18,3,15,37.40332,-84.020686
Kentucky,JACKSON,Jackson County Police Department,KY0550200,0,0,0,0,0,0,0,0,0,0,0,0,0,0,0,0,0,0,0,0,0,0,0,0,0,0,0,0,0,0,0,0,0,37.40332,-84.020686
Kentucky,JEFFERSON,Jefferson County Sheriff's Office,KY0560000,2,1,1,3,1,2,0,0,0,0,0,0,0,0,0,0,0,0,3,1,2,9,1,8,11,2,9,0,0,0,23,4,19,38.25477,-85.75909
Kentucky,JEFFERSON,Jefferson County Police Department,KY0560100,0,0,0,0,0,0,0,0,0,0,0,0,0,0,0,0,0,0,0,0,0,0,0,0,0,0,0,0,0,0,0,0,0,38.240913,-85.73171
Kentucky,JEFFERSON,St. Matthews Police Department,KY0560300,121,48,73,389,139,250,3,1,2,0,0,0,30,11,19,4,1,3,756,111,645,669,117,552,7142,1479,5663,42,14,28,8567,1707,6860,38.249447,-85.65038
Kentucky,JEFFERSON,Shively Police Department,KY0560400,246,63,183,735,156,579,4,1,3,0,0,0,39,8,31,46,13,33,871,80,791,1064,61,1003,2791,76,2715,83,17,66,4726,217,4509,38.194565,-85.80658
Kentucky,JEFFERSON,Anchorage Police Department,KY0560500,2,1,1,2,1,1,0,0,0,0,0,0,0,0,0,0,0,0,30,3,27,8,2,6,94,13,81,0,0,0,132,18,114,38.26566,-85.54104
Kentucky,JEFFERSON,West Buechel Police Department,KY0560600,18,8,10,87,24,63,0,0,0,0,0,0,1,0,1,0,0,0,60,5,55,130,4,126,1008,151,857,1,0,1,1198,160,1038,38.189533,-85.657624
Kentucky,JEFFERSON,Jeffersontown Police Department,KY0561000,96,32,64,405,111,294,0,0,0,3,1,2,42,12,30,12,5,7,805,103,702,835,50,785,4067,178,3889,76,26,50,5707,331,5376,38.193645,-85.56483
Kentucky,JEFFERSON,Woodlawn Park,KY0561400,0,0,0,0,0,0,0,0,0,0,0,0,0,0,0,0,0,0,0,0,0,0,0,0,2,0,2,0,0,0,2,0,2,,
Kentucky,JEFFERSON,University of Louisville,KY0561500,19,6,13,108,21,87,10,4,6,0,0,0,18,2,16,0,0,0,220,29,191,130,8,122,2004,72,1932,25,3,22,2354,109,2245,38.216854,-85.75473
Kentucky,JEFFERSON,Kentucky Fairgrounds Security,KY0561700,0,0,0,0,0,0,0,0,0,0,0,0,0,0,0,0,0,0,0,0,0,0,0,0,0,0,0,0,0,0,0,0,0,38.189533,-85.657624
Kentucky,JEFFERSON,Heritage Creek Police Department,KY0561800,0,0,0,0,0,0,0,0,0,0,0,0,0,0,0,0,0,0,14,1,13,2,0,2,70,18,52,0,0,0,86,19,67,38.095707,-85.61502
Kentucky,JEFFERSON,Audubon Park Police Department,KY0561900,2,0,2,4,0,4,0,0,0,0,0,0,0,0,0,0,0,0,62,12,50,54,7,47,148,7,141,0,0,0,264,26,238,38.07437,-85.66532
Kentucky,JEFFERSON,Meadow Vale Police Department,KY0562300,0,0,0,1,0,1,0,0,0,0,0,0,0,0,0,0,0,0,4,2,2,1,0,1,22,5,17,0,0,0,27,7,20,38.288677,-85.57798
Kentucky,JEFFERSON,Strathmoor Village Police Department,KY0563600,0,0,0,0,0,0,0,0,0,0,0,0,0,0,0,0,0,0,4,0,4,2,0,2,4,0,4,0,0,0,10,0,10,38.218044,-85.6777
Kentucky,JEFFERSON,Northfield Police Department,KY0563800,0,0,0,0,0,0,0,0,0,0,0,0,0,0,0,0,0,0,9,0,9,4,2,2,69,3,66,0,0,0,82,5,77,38.189533,-85.657624
Kentucky,JEFFERSON,Indian Hills Police Department,KY0564400,0,0,0,0,0,0,0,0,0,0,0,0,0,0,0,0,0,0,63,7,56,24,1,23,204,17,187,0,0,0,291,25,266,38.289185,-85.68294
Kentucky,"JEFFERSON, OLDHAM",Prospect Police Department,KY0564500,5,2,3,6,2,4,0,0,0,0,0,0,0,0,0,0,0,0,40,6,34,26,5,21,303,35,268,0,0,0,369,46,323,38.189533,-85.657624
Kentucky,JEFFERSON,Graymoor-Devondale Police Department,KY0565000,16,4,12,38,7,31,1,0,1,1,0,1,2,0,2,0,0,0,121,11,110,99,4,95,387,10,377,2,0,2,607,25,582,38.189533,-85.657624
Kentucky,JEFFERSON,Jefferson County School District,KY0565200,173,42,131,188,44,144,7,0,7,0,0,0,0,0,0,0,0,0,297,33,264,6,0,6,317,15,302,0,0,0,620,48,572,38.20373,-85.750725
Kentucky,JEFFERSON,Bancroft,KY0565300,0,0,0,0,0,0,0,0,0,0,0,0,0,0,0,0,0,0,0,0,0,0,0,0,5,1,4,0,0,0,5,1,4,,
Kentucky,JEFFERSON,Alcohol Beverage Control Investigative Division,KY0566100,1,0,1,1,0,1,0,0,0,0,0,0,0,0,0,0,0,0,0,0,0,0,0,0,4,1,3,0,0,0,4,1,3,38.189533,-85.657624
Kentucky,JEFFERSON,Windy Hills,KY0566200,0,0,0,0,0,0,0,0,0,0,0,0,0,0,0,0,0,0,0,0,0,0,0,0,0,0,0,0,0,0,0,0,0,,
Kentucky,JEFFERSON,Hurstbourne Acres Police Department,KY0566400,0,0,0,3,1,2,0,0,0,0,0,0,0,0,0,0,0,0,19,2,17,11,0,11,132,14,118,0,0,0,162,16,146,38.218185,-85.58555
Kentucky,JEFFERSON,Middletown,KY0566700,25,10,15,51,18,33,0,0,0,0,0,0,3,0,3,0,0,0,103,11,92,109,16,93,868,135,733,3,0,3,1080,162,918,,
Kentucky,JEFFERSON,Louisville Regional Airport Authority,KY0566900,2,1,1,4,2,2,0,0,0,0,0,0,0,0,0,0,0,0,8,2,6,386,47,339,214,9,205,0,0,0,608,58,550,38.189533,-85.657624
Kentucky,JEFFERSON,Jefferson County Constable District 1,KY0567700,0,0,0,0,0,0,0,0,0,0,0,0,0,0,0,0,0,0,0,0,0,0,0,0,0,0,0,0,0,0,0,0,0,,
Kentucky,JEFFERSON,Jefferson County Constable District 2,KY0567800,0,0,0,0,0,0,0,0,0,0,0,0,0,0,0,0,0,0,0,0,0,0,0,0,0,0,0,0,0,0,0,0,0,,
Kentucky,JEFFERSON,Jefferson County Constable District 3,KY0567900,0,0,0,0,0,0,0,0,0,0,0,0,0,0,0,0,0,0,0,0,0,0,0,0,0,0,0,0,0,0,0,0,0,,
Kentucky,JEFFERSON,Louisville Metro Police Department,KY0568000,38537,11398,27139,54761,15195,39566,672,153,519,19,0,19,1093,240,853,1401,412,989,45171,6045,39126,37742,6329,31413,160959,24675,136284,2273,632,1641,243872,37049,206823,38.254276,-85.760895
Kentucky,JESSAMINE,Jessamine County Sheriff's Office,KY0570000,60,18,42,139,38,101,20,4,16,0,0,0,24,6,18,5,1,4,583,44,539,171,10,161,1059,47,1012,48,12,36,1813,101,1712,37.880703,-84.57445
Kentucky,JESSAMINE,Nicholasville Police Department,KY0570100,264,91,173,559,144,415,28,6,22,12,0,12,57,5,52,8,3,5,1240,99,1141,421,23,398,5958,794,5164,98,8,90,7619,916,6703,37.885975,-84.570656
Kentucky,JESSAMINE,Wilmore Police Department,KY0570200,5,2,3,20,4,16,1,0,1,0,0,0,4,0,4,0,0,0,123,15,108,39,7,32,466,49,417,10,0,10,628,71,557,37.85867,-84.65958
Kentucky,JOHNSON,Johnson County Sheriff's Office,KY0580000,67,26,41,82,29,53,5,2,3,0,0,0,9,2,7,3,1,2,136,24,112,129,16,113,176,16,160,10,2,8,441,56,385,37.81498,-82.8065
Kentucky,JOHNSON,Paintsville Police Department,KY0580100,64,25,39,81,29,52,2,1,1,2,1,1,2,0,2,0,0,0,73,15,58,53,5,48,232,36,196,8,1,7,358,56,302,37.84926,-82.830639
Kentucky,JOHNSON,Johnson County Constable District 2,KY0580300,0,0,0,0,0,0,0,0,0,0,0,0,0,0,0,0,0,0,0,0,0,0,0,0,0,0,0,0,0,0,0,0,0,,
Kentucky,KENTON,Kenton County Sheriff's Office,KY0590000,13,0,13,17,0,17,1,0,1,0,0,0,0,0,0,0,0,0,1,0,1,1,0,1,43,8,35,0,0,0,45,8,37,39.08857,-84.50888
Kentucky,KENTON,Covington Police Department,KY0590100,828,324,504,2011,688,1323,72,17,55,2,0,2,198,61,137,31,12,19,2056,377,1679,1160,78,1082,7078,843,6235,376,118,258,10294,1298,8996,38.930477,-84.533492
Kentucky,KENTON,Elsmere Police Department,KY0590200,54,16,38,137,39,98,8,2,6,0,0,0,34,14,20,4,0,4,176,19,157,121,4,117,645,29,616,58,20,38,942,52,890,39.00639,-84.614204
Kentucky,KENTON,Erlanger Police Department,KY0590300,119,39,80,248,62,186,6,1,5,10,0,10,35,6,29,0,0,0,287,35,252,183,15,168,1350,155,1195,63,12,51,1820,205,1615,39.023567,-84.60823
Kentucky,KENTON,Fort Wright Police Department,KY0590400,13,3,10,53,11,42,0,0,0,0,0,0,6,0,6,2,1,1,71,5,66,49,3,46,557,79,478,10,1,9,677,87,590,39.05317,-84.53542
Kentucky,KENTON,Kenton County Police Department,KY0590500,90,31,59,211,64,147,10,1,9,0,0,0,52,13,39,8,3,5,335,42,293,85,13,72,579,53,526,100,28,72,999,108,891,38.91117,-84.54626
Kentucky,KENTON,Park Hills Police Department,KY0590600,7,0,7,21,2,19,2,0,2,0,0,0,4,0,4,0,0,0,50,4,46,34,1,33,134,6,128,7,0,7,218,11,207,39.07152,-84.532616
Kentucky,KENTON,Ludlow Police Department,KY0590700,24,5,19,75,12,63,8,1,7,0,0,0,13,1,12,2,1,1,155,16,139,59,1,58,511,49,462,29,3,26,725,66,659,38.930477,-84.533492
Kentucky,KENTON,Lakeside Park-Crestview Hills Police Department,KY0591000,2,1,1,27,8,19,0,0,0,0,0,0,1,0,1,0,0,0,54,8,46,31,4,27,697,77,620,5,2,3,782,89,693,38.930477,-84.533492
Kentucky,KENTON,Taylor Mill Police Department,KY0591100,31,13,18,41,14,27,0,0,0,0,0,0,3,0,3,0,0,0,67,8,59,44,4,40,251,17,234,6,0,6,362,29,333,38.977615,-84.50171
Kentucky,KENTON,Villa Hills Police Department,KY0591200,21,8,13,51,16,35,4,1,3,0,0,0,14,3,11,0,0,0,74,9,65,39,2,37,383,27,356,24,7,17,496,38,458,39.051662,-84.59707
Kentucky,KENTON,Fort Mitchell Police Department,KY0591300,18,6,12,52,14,38,3,0,3,0,0,0,11,1,10,0,0,0,95,13,82,64,4,60,558,69,489,15,3,12,717,86,631,38.930477,-84.533492
Kentucky,KENTON,Edgewood Police Department,KY0591700,12,4,8,25,5,20,0,0,0,0,0,0,4,0,4,0,0,0,67,8,59,44,6,38,434,39,395,9,1,8,545,53,492,39.00818,-84.56576
Kentucky,KENTON,Independence Police Department,KY0591900,83,24,59,237,70,167,5,0,5,2,0,2,58,16,42,3,2,1,220,27,193,121,9,112,895,87,808,116,31,85,1236,123,1113,38.933533,-84.544464
Kentucky,KENTON,Northern Kentucky Drug Strike Force,KY0592600,6,3,3,6,3,3,0,0,0,0,0,0,0,0,0,0,0,0,0,0,0,0,0,0,2,1,1,0,0,0,2,1,1,38.930477,-84.533492
Kentucky,KNOTT,Knott County Sheriff's Office,KY0600000,8,4,4,10,4,6,0,0,0,0,0,0,1,0,1,0,0,0,31,3,28,49,0,49,94,2,92,1,0,1,174,5,169,37.354703,-82.949138
Kentucky,KNOTT,Pippa Passes Police Department,KY0600200,0,0,0,0,0,0,0,0,0,0,0,0,0,0,0,0,0,0,0,0,0,1,0,1,1,0,1,0,0,0,2,0,2,37.354703,-82.949138
Kentucky,KNOTT,Knott County Police Department,KY0600500,0,0,0,0,0,0,0,0,0,0,0,0,0,0,0,0,0,0,0,0,0,0,0,0,0,0,0,0,0,0,0,0,0,,
Kentucky,KNOX,Knox County Sheriff's Office,KY0610000,147,66,81,184,77,107,8,2,6,2,1,1,8,2,6,0,0,0,389,64,325,266,24,242,300,27,273,14,4,10,955,115,840,36.887476,-83.85563
Kentucky,KNOX,Barbourville Police Department,KY0610100,67,29,38,115,45,70,0,0,0,0,0,0,10,4,6,2,1,1,189,43,146,112,19,93,336,74,262,13,5,8,637,136,501,36.887476,-83.85563
Kentucky,LARUE,Larue County Sheriff's Office,KY0620000,37,15,22,40,15,25,1,0,1,0,0,0,1,0,1,0,0,0,92,17,75,56,3,53,105,5,100,1,0,1,253,25,228,37.572735,-85.73919
Kentucky,LARUE,Hodgenville Police Department,KY0620100,35,11,24,56,13,43,1,0,1,2,0,2,14,1,13,0,0,0,69,8,61,39,6,33,213,21,192,17,2,15,321,35,286,37.57546,-85.74037
Kentucky,LAUREL,Laurel County Sheriff's Office,KY0630000,323,135,188,505,190,315,12,3,9,0,0,0,45,14,31,47,19,28,1042,65,977,825,32,793,1932,66,1866,66,21,45,3799,163,3636,37.127853,-84.083916
Kentucky,LAUREL,London Police Department,KY0630100,85,32,53,168,55,113,5,0,5,0,0,0,6,2,4,4,2,2,532,71,461,336,28,308,2558,619,1939,27,7,20,3426,718,2708,37.125866,-84.08101
Kentucky,LAUREL,Laurel County Constable District 6,KY0630300,0,0,0,0,0,0,0,0,0,0,0,0,0,0,0,0,0,0,0,0,0,0,0,0,0,0,0,0,0,0,0,0,0,,
Kentucky,LAWRENCE,Lawrence County Sheriff's Office,KY0640000,32,11,21,46,15,31,3,0,3,0,0,0,1,0,1,3,1,2,174,23,151,107,5,102,139,10,129,4,1,3,420,38,382,38.074453,-82.738316
Kentucky,LAWRENCE,Louisa Police Department,KY0640100,30,10,20,46,15,31,0,0,0,0,0,0,2,0,2,0,0,0,103,27,76,52,4,48,144,28,116,2,0,2,299,59,240,38.074453,-82.738316
Kentucky,LAWRENCE,Lawrence County Constable District 3,KY0640500,0,0,0,0,0,0,0,0,0,0,0,0,0,0,0,0,0,0,0,0,0,0,0,0,0,0,0,0,0,0,0,0,0,,
Kentucky,LEE,Lee County Sheriff's Office,KY0650000,4,2,2,6,3,3,3,1,2,0,0,0,0,0,0,0,0,0,19,2,17,22,0,22,38,4,34,0,0,0,79,6,73,37.607902,-83.719309
Kentucky,LEE,Beattyville Police Department,KY0650100,22,9,13,24,9,15,0,0,0,0,0,0,1,0,1,0,0,0,41,13,28,42,2,40,13,3,10,2,0,2,96,18,78,37.607902,-83.719309
Kentucky,LESLIE,Leslie County Sheriff's Office,KY0660000,27,11,16,27,11,16,4,1,3,0,0,0,0,0,0,0,0,0,26,9,17,36,6,30,51,4,47,0,0,0,113,19,94,37.087846,-83.388617
Kentucky,LESLIE,Hyden Police Department,KY0660100,0,0,0,0,0,0,0,0,0,0,0,0,0,0,0,0,0,0,0,0,0,0,0,0,0,0,0,0,0,0,0,0,0,37.087846,-83.388617
Kentucky,LETCHER,Letcher County Sheriff's Office,KY0670000,23,9,14,33,12,21,1,0,1,0,0,0,2,1,1,0,0,0,55,10,45,29,3,26,74,6,68,9,3,6,158,19,139,37.118503,-82.861175
Kentucky,LETCHER,Whitesburg Police Department,KY0670100,8,4,4,13,6,7,0,0,0,0,0,0,0,0,0,0,0,0,16,7,9,4,1,3,15,6,9,2,1,1,35,14,21,37.11855,-82.82749
Kentucky,LETCHER,Jenkins Police Department,KY0670200,4,2,2,6,3,3,2,1,1,0,0,0,0,0,0,0,0,0,4,1,3,6,0,6,4,0,4,2,1,1,14,1,13,37.118503,-82.861175
Kentucky,LETCHER,Fleming-Neon Police Department,KY0670300,0,0,0,0,0,0,0,0,0,0,0,0,0,0,0,0,0,0,0,0,0,1,0,1,0,0,0,0,0,0,1,0,1,37.118503,-82.861175
Kentucky,LEWIS,Lewis County Sheriff's Office,KY0680000,17,7,10,21,9,12,0,0,0,0,0,0,0,0,0,2,1,1,76,9,67,46,3,43,46,5,41,2,1,1,168,17,151,38.532054,-83.37329
Kentucky,LEWIS,Vanceburg Police Department,KY0680100,6,3,3,9,3,6,0,0,0,0,0,0,3,0,3,0,0,0,25,3,22,10,1,9,28,3,25,3,0,3,63,7,56,38.532054,-83.37329
Kentucky,LEWIS,Lewis County Constable District 2,KY0680300,0,0,0,0,0,0,0,0,0,0,0,0,0,0,0,0,0,0,0,0,0,0,0,0,0,0,0,0,0,0,0,0,0,,
Kentucky,LINCOLN,Lincoln County Sheriff's Office,KY0690000,50,19,31,70,23,47,1,0,1,0,0,0,1,0,1,3,1,2,241,18,223,138,5,133,197,10,187,4,0,4,576,33,543,37.457174,-84.658335
Kentucky,LINCOLN,Stanford Police Department,KY0690100,36,16,20,44,19,25,17,8,9,0,0,0,1,0,1,0,0,0,138,48,90,76,20,56,166,39,127,4,1,3,380,107,273,37.457174,-84.658335
Kentucky,LINCOLN,Hustonville Police Department,KY0690200,0,0,0,0,0,0,0,0,0,0,0,0,0,0,0,0,0,0,0,0,0,0,0,0,0,0,0,0,0,0,0,0,0,37.457174,-84.658335
Kentucky,LINCOLN,Crab Orchard Police Department,KY0690300,0,0,0,0,0,0,0,0,0,0,0,0,0,0,0,0,0,0,0,0,0,0,0,0,0,0,0,0,0,0,0,0,0,37.457174,-84.658335
Kentucky,LINCOLN,Lincoln County Constable District 4,KY0690400,0,0,0,0,0,0,0,0,0,0,0,0,0,0,0,0,0,0,0,0,0,0,0,0,0,0,0,0,0,0,0,0,0,,
Kentucky,LIVINGSTON,Livingston County Sheriff's Office,KY0700000,33,14,19,44,15,29,4,1,3,0,0,0,3,0,3,0,0,0,231,31,200,68,7,61,256,32,224,5,0,5,555,70,485,37.209517,-88.363426
Kentucky,LOGAN,Logan County Sheriff's Office,KY0710000,108,36,72,199,60,139,14,2,12,0,0,0,46,9,37,6,2,4,431,61,370,110,18,92,480,47,433,72,19,53,1021,126,895,36.859829,-86.881436
Kentucky,LOGAN,Russellville Police Department,KY0710100,117,37,80,206,56,150,9,1,8,3,1,2,23,5,18,2,0,2,419,52,367,124,14,110,1501,204,1297,43,9,34,2044,270,1774,36.859829,-86.881436
Kentucky,LOGAN,Auburn Police Department,KY0710200,8,4,4,16,8,8,2,0,2,0,0,0,0,0,0,0,0,0,17,4,13,3,1,2,44,6,38,2,1,1,64,11,53,36.859829,-86.881436
Kentucky,LOGAN,Adairville Police Department,KY0710300,2,0,2,2,0,2,0,0,0,0,0,0,0,0,0,0,0,0,11,0,11,0,0,0,12,2,10,0,0,0,23,2,21,36.859829,-86.881436
Kentucky,LOGAN,Lewisburg Police Department,KY0710400,0,0,0,0,0,0,0,0,0,0,0,0,0,0,0,0,0,0,12,1,11,3,1,2,15,1,14,0,0,0,30,3,27,36.859829,-86.881436
Kentucky,LOGAN,South Central Kentucky Drug Task Force,KY0710900,2,1,1,3,1,2,0,0,0,0,0,0,0,0,0,0,0,0,0,0,0,0,0,0,13,3,10,1,0,1,13,3,10,-9,-9
Kentucky,LYON,Lyon County Sheriff's Office,KY0720000,21,9,12,35,15,20,6,3,3,0,0,0,4,2,2,2,1,1,167,38,129,30,8,22,210,47,163,5,3,2,407,93,314,37.023976,-88.083391
Kentucky,LYON,Eddyville Police Department,KY0720200,7,3,4,7,3,4,0,0,0,0,0,0,0,0,0,0,0,0,47,8,39,10,2,8,239,58,181,0,0,0,296,68,228,37.023976,-88.083391
Kentucky,MCCRACKEN,McCracken County Sheriff's Office,KY0730000,245,96,149,558,210,348,32,11,21,1,0,1,94,36,58,13,7,6,1116,166,950,429,83,346,2362,339,2023,229,85,144,3907,588,3319,37.083607,-88.59927
Kentucky,MCCRACKEN,Paducah Police Department,KY0730100,522,232,290,1141,480,661,77,22,55,6,3,3,214,95,119,32,15,17,1283,270,1013,742,159,583,9132,1436,7696,321,133,188,11157,1865,9292,37.053683,-88.712366
Kentucky,MCCRACKEN,McCracken County Public Schools,KY0730700,3,1,2,3,1,2,0,0,0,0,0,0,0,0,0,0,0,0,3,1,2,0,0,0,17,1,16,0,0,0,20,2,18,37.053683,-88.712366
Kentucky,MCCREARY,McCreary County Sheriff's Office,KY0740000,29,11,18,37,14,23,1,0,1,0,0,0,0,0,0,1,0,1,180,35,145,101,2,99,195,2,193,2,1,1,476,39,437,36.731136,-84.491052
Kentucky,MCCREARY,McCreary County Constable District 3,KY0741200,0,0,0,0,0,0,0,0,0,0,0,0,0,0,0,0,0,0,0,0,0,1,0,1,2,1,1,0,0,0,3,1,2,,
Kentucky,MCLEAN,McLean County Sheriff's Office,KY0750000,49,23,26,72,33,39,2,1,1,0,0,0,14,7,7,0,0,0,189,32,157,65,11,54,185,25,160,21,9,12,439,68,371,37.530575,-87.262931
Kentucky,MADISON,Madison County Sheriff's Office,KY0760000,152,64,88,273,106,167,5,1,4,0,0,0,32,11,21,2,1,1,744,72,672,286,30,256,1539,121,1418,92,34,58,2569,223,2346,37.744884,-84.27752
Kentucky,MADISON,Berea Police Department,KY0760100,89,31,58,206,56,150,5,1,4,0,0,0,41,7,34,2,1,1,596,48,548,318,13,305,1630,122,1508,74,18,56,2544,183,2361,37.723528,-84.277008
Kentucky,MADISON,Richmond Police Department,KY0760200,477,219,258,1009,416,593,37,11,26,0,0,0,109,34,75,18,7,11,1718,373,1345,845,214,631,8571,2366,6205,215,72,143,11134,2953,8181,37.723528,-84.277008
Kentucky,MADISON,Eastern Kentucky University,KY0760300,5,2,3,50,7,43,6,1,5,0,0,0,24,2,22,0,0,0,164,13,151,35,3,32,852,24,828,37,3,34,1051,40,1011,37.723528,-84.277008
Kentucky,MAGOFFIN,Magoffin County Sheriff's Office,KY0770000,9,2,7,13,3,10,7,2,5,0,0,0,2,1,1,0,0,0,30,5,25,40,2,38,62,2,60,2,1,1,132,9,123,37.698953,-83.069716
Kentucky,MAGOFFIN,Salyersville Police Department,KY0770100,34,13,21,36,14,22,5,2,3,0,0,0,0,0,0,0,0,0,8,3,5,6,0,6,14,1,13,0,0,0,28,4,24,37.698953,-83.069716
Kentucky,MARION,Marion County Sheriff's Office,KY0780000,33,15,18,53,21,32,8,3,5,0,0,0,5,2,3,2,1,1,183,25,158,83,12,71,229,11,218,11,3,8,495,48,447,37.568565,-85.25187
Kentucky,MARION,Lebanon Police Department,KY0780100,81,29,52,150,47,103,1,0,1,0,0,0,17,1,16,5,1,4,238,39,199,104,14,90,482,75,407,26,3,23,824,128,696,37.552604,-85.268959
Kentucky,MARSHALL,Marshall County Sheriff's Office,KY0790000,146,58,88,264,91,173,17,3,14,0,0,0,47,12,35,8,4,4,640,81,559,214,30,184,976,90,886,90,23,67,1830,201,1629,36.882017,-88.332752
Kentucky,MARSHALL,Benton Police Department,KY0790100,15,7,8,32,12,20,1,0,1,0,0,0,4,1,3,2,1,1,180,18,162,54,7,47,996,213,783,11,3,8,1230,238,992,36.85801,-88.35075
Kentucky,MARSHALL,Calvert City Police Department,KY0790200,22,9,13,37,14,23,0,0,0,0,0,0,4,1,3,0,0,0,62,15,47,22,6,16,283,82,201,13,5,8,367,103,264,36.882017,-88.332752
Kentucky,MARTIN,Martin County Sheriff's Office,KY0800000,38,12,26,40,12,28,0,0,0,0,0,0,0,0,0,0,0,0,49,14,35,41,5,36,109,14,95,1,0,1,199,33,166,37.796774,-82.506623
Kentucky,MASON,Mason County Sheriff's Office,KY0810000,61,23,38,96,35,61,1,0,1,0,0,0,7,1,6,3,1,2,251,31,220,90,19,71,378,34,344,15,4,11,719,84,635,38.594068,-83.828052
Kentucky,MASON,Maysville Police Department,KY0810100,87,26,61,203,48,155,12,2,10,0,0,0,28,4,24,2,1,1,462,58,404,159,12,147,1909,235,1674,53,8,45,2530,305,2225,38.646015,-83.761024
Kentucky,MEADE,Meade County Sheriff's Office,KY0820000,138,51,87,171,58,113,15,6,9,0,0,0,11,2,9,5,2,3,380,49,331,226,15,211,411,27,384,15,2,13,1017,91,926,38.00081,-86.17289
Kentucky,MEADE,Brandenburg Police Department,KY0820100,9,4,5,19,8,11,1,0,1,0,0,0,2,0,2,2,1,1,43,9,34,77,10,67,186,52,134,2,0,2,306,71,235,37.967476,-86.200863
Kentucky,MEADE,Muldraugh Police Department,KY0820200,9,3,6,14,3,11,1,0,1,0,0,0,1,0,1,0,0,0,33,8,25,43,2,41,88,9,79,1,0,1,164,19,145,37.938435,-85.990654
Kentucky,MENIFEE,Menifee County Sheriff's Office,KY0830000,18,9,9,23,11,12,3,1,2,0,0,0,3,1,2,2,1,1,72,12,60,33,6,27,64,9,55,3,1,2,169,27,142,37.950717,-83.597344
Kentucky,MERCER,Mercer County Sheriff's Office,KY0840000,25,8,17,40,15,25,4,1,3,0,0,0,2,1,1,2,1,1,120,25,95,35,5,30,116,4,112,9,4,5,271,34,237,37.812085,-84.879694
Kentucky,MERCER,Harrodsburg Police Department,KY0840100,90,38,52,130,46,84,5,1,4,0,0,0,14,0,14,0,0,0,409,97,312,139,25,114,771,107,664,24,3,21,1319,229,1090,37.7669,-84.84166
Kentucky,MERCER,Burgin Police Department,KY0840200,0,0,0,1,0,1,0,0,0,0,0,0,1,0,1,0,0,0,6,1,5,0,0,0,11,0,11,1,0,1,17,1,16,37.812085,-84.879694
Kentucky,METCALFE,Metcalfe County Sheriff's Office,KY0850000,39,19,20,45,21,24,4,2,2,0,0,0,0,0,0,1,0,1,224,31,193,54,8,46,175,17,158,1,1,0,453,56,397,36.992647,-85.63369
Kentucky,METCALFE,Edmonton Police Department,KY0850100,9,4,5,11,5,6,0,0,0,0,0,0,0,0,0,0,0,0,78,9,69,28,4,24,79,5,74,0,0,0,185,18,167,36.992647,-85.63369
Kentucky,METCALFE,Metcalfe County Schools,KY0850400,0,0,0,0,0,0,0,0,0,0,0,0,0,0,0,0,0,0,0,0,0,0,0,0,1,0,1,0,0,0,1,0,1,,
Kentucky,MONROE,Monroe County Sheriff's Office,KY0860000,11,4,7,12,4,8,4,2,2,0,0,0,0,0,0,0,0,0,35,9,26,21,1,20,30,3,27,0,0,0,86,13,73,36.69852,-85.695045
Kentucky,MONROE,Tompkinsville Police Department,KY0860100,36,15,21,42,17,25,8,3,5,0,0,0,3,1,2,2,1,1,30,11,19,23,3,20,37,10,27,4,1,3,90,24,66,36.700085,-85.692024
Kentucky,MONROE,Fountain Run Police Department,KY0860300,0,0,0,0,0,0,0,0,0,0,0,0,0,0,0,0,0,0,0,0,0,0,0,0,2,0,2,0,0,0,2,0,2,36.714077,-85.713508
Kentucky,MONTGOMERY,Montgomery County Sheriff's Office,KY0870000,60,14,46,116,28,88,3,1,2,1,0,1,14,3,11,6,3,3,785,51,734,254,20,234,1254,63,1191,25,6,19,2293,134,2159,38.056194,-83.94324
Kentucky,MONTGOMERY,Mount Sterling Police Department,KY0870100,69,28,41,160,50,110,10,0,10,1,0,1,13,3,10,2,1,1,289,39,250,146,16,130,2379,530,1849,36,9,27,2814,585,2229,38.053787,-83.95684
Kentucky,MONTGOMERY,Montgomery County School District,KY0870200,0,0,0,0,0,0,0,0,0,0,0,0,0,0,0,0,0,0,2,0,2,0,0,0,36,5,31,0,0,0,38,5,33,38.045876,-83.94194
Kentucky,MONTGOMERY,Montgomery County Constable District 2,KY0870400,0,0,0,0,0,0,0,0,0,0,0,0,0,0,0,0,0,0,0,0,0,0,0,0,0,0,0,0,0,0,0,0,0,,
Kentucky,MONTGOMERY,Gateway Area Drug Task Force,KY0870600,0,0,0,0,0,0,0,0,0,0,0,0,0,0,0,0,0,0,0,0,0,0,0,0,0,0,0,0,0,0,0,0,0,,
Kentucky,MORGAN,Morgan County Sheriff's Office,KY0880000,27,12,15,28,12,16,3,0,3,0,0,0,0,0,0,0,0,0,52,4,48,33,4,29,105,7,98,0,0,0,190,15,175,37.92294,-83.258944
Kentucky,MORGAN,West Liberty Police Department,KY0880100,7,3,4,11,3,8,0,0,0,0,0,0,2,0,2,0,0,0,16,4,12,9,1,8,51,7,44,4,0,4,76,12,64,37.92294,-83.258944
Kentucky,MUHLENBERG,Muhlenberg County Sheriff's Office,KY0890000,103,45,58,126,50,76,11,4,7,0,0,0,9,3,6,0,0,0,294,64,230,93,9,84,226,20,206,14,4,10,613,93,520,37.213816,-87.134092
Kentucky,MUHLENBERG,Greenville Police Department,KY0890100,48,22,26,64,29,35,3,1,2,0,0,0,5,2,3,2,1,1,61,18,43,43,8,35,141,32,109,9,4,5,245,58,187,37.213816,-87.134092
Kentucky,MUHLENBERG,Central City Police Department,KY0890200,41,18,23,63,27,36,0,0,0,0,0,0,11,4,7,0,0,0,97,36,61,49,14,35,923,345,578,15,6,9,1069,395,674,37.213816,-87.134092
Kentucky,MUHLENBERG,Powderly Police Department,KY0890400,4,2,2,4,2,2,0,0,0,0,0,0,0,0,0,0,0,0,2,1,1,0,0,0,29,7,22,0,0,0,31,8,23,37.213816,-87.134092
Kentucky,MUHLENBERG,Muhlenberg County Police Department,KY0890700,0,0,0,0,0,0,0,0,0,0,0,0,0,0,0,0,0,0,0,0,0,0,0,0,0,0,0,0,0,0,0,0,0,37.213816,-87.134092
Kentucky,MUHLENBERG,Muhlenberg County Constable District 5,KY0891000,0,0,0,0,0,0,0,0,0,0,0,0,0,0,0,0,0,0,0,0,0,0,0,0,0,0,0,0,0,0,0,0,0,37.213816,-87.134092
Kentucky,NELSON,Nelson County Sheriff's Office,KY0900000,130,46,84,203,60,143,10,2,8,0,0,0,23,4,19,17,5,12,465,42,423,209,14,195,882,33,849,42,6,36,1556,89,1467,37.806103,-85.45096
Kentucky,NELSON,Bardstown Police Department,KY0900100,99,22,77,255,55,200,17,3,14,0,0,0,37,5,32,6,2,4,592,58,534,286,27,259,2129,351,1778,71,14,57,3007,436,2571,37.81244,-85.46941
Kentucky,NELSON,Bloomfield Police Department,KY0900200,2,1,1,4,1,3,0,0,0,0,0,0,0,0,0,0,0,0,14,1,13,4,0,4,18,0,18,0,0,0,36,1,35,37.803188,-85.465955
Kentucky,NELSON,New Haven Police Department,KY0900400,0,0,0,0,0,0,0,0,0,0,0,0,0,0,0,0,0,0,1,0,1,1,0,1,1,0,1,0,0,0,3,0,3,37.803188,-85.465955
Kentucky,NICHOLAS,Nicholas County Sheriff's Office,KY0910000,12,5,7,15,5,10,4,2,2,0,0,0,3,0,3,0,0,0,53,22,31,7,2,5,33,10,23,3,0,3,93,34,59,38.337132,-84.025554
Kentucky,NICHOLAS,Carlisle Police Department,KY0910100,15,6,9,24,10,14,0,0,0,0,0,0,4,1,3,0,0,0,26,5,21,9,2,7,59,9,50,7,3,4,94,16,78,38.312286,-84.0276
Kentucky,OHIO,Ohio County Sheriff's Office,KY0920000,106,37,69,213,68,145,23,16,7,0,0,0,63,20,43,2,1,1,356,48,308,193,25,168,405,36,369,90,25,65,954,109,845,37.477859,-86.844871
Kentucky,OHIO,Hartford Police Department,KY0920100,22,10,12,29,12,17,1,0,1,1,0,1,5,2,3,0,0,0,35,11,24,18,3,15,49,15,34,7,2,5,102,29,73,37.477859,-86.844871
Kentucky,OHIO,Beaver Dam Police Department,KY0920200,31,12,19,42,16,26,1,0,1,0,0,0,4,1,3,0,0,0,28,11,17,36,5,31,372,142,230,4,1,3,436,158,278,37.477859,-86.844871
Kentucky,OHIO,Centertown Police Department,KY0920400,0,0,0,0,0,0,0,0,0,0,0,0,0,0,0,0,0,0,2,1,1,2,1,1,7,2,5,0,0,0,11,4,7,37.477859,-86.844871
Kentucky,OHIO,Ohio County Constable District 3,KY0920800,0,0,0,0,0,0,0,0,0,0,0,0,0,0,0,0,0,0,0,0,0,0,0,0,0,0,0,0,0,0,0,0,0,,
Kentucky,OHIO,Ohio County School System,KY0921100,0,0,0,0,0,0,0,0,0,0,0,0,0,0,0,0,0,0,0,0,0,0,0,0,0,0,0,0,0,0,0,0,0,37.477859,-86.844871
Kentucky,OLDHAM,Oldham County Sheriff's Office,KY0930000,10,5,5,12,6,6,0,0,0,0,0,0,0,0,0,0,0,0,14,3,11,0,0,0,32,7,25,1,1,0,46,10,36,38.41098,-85.461105
Kentucky,OLDHAM,La Grange Police Department,KY0930100,74,30,44,135,46,89,8,2,6,0,0,0,10,2,8,0,0,0,220,43,177,142,25,117,1069,113,956,16,4,12,1431,181,1250,38.410076,-85.37376
Kentucky,OLDHAM,Pewee Valley Police Department,KY0930300,4,2,2,4,2,2,0,0,0,0,0,0,0,0,0,0,0,0,6,0,6,1,0,1,8,1,7,0,0,0,15,1,14,38.310127,-85.488525
Kentucky,OLDHAM,Oldham County Police Department,KY0930400,143,38,105,262,48,214,28,4,24,4,0,4,38,0,38,2,0,2,720,45,675,297,27,270,2270,78,2192,72,2,70,3287,150,3137,38.41098,-85.461105
Kentucky,OWEN,Owen County Sheriff's Office,KY0940000,11,3,8,16,4,12,0,0,0,0,0,0,2,0,2,0,0,0,163,18,145,38,8,30,139,6,133,2,0,2,340,32,308,38.53603,-84.83784
Kentucky,OWEN,Owenton Police Department,KY0940100,3,1,2,3,1,2,0,0,0,0,0,0,0,0,0,0,0,0,11,1,10,4,1,3,36,5,31,0,0,0,51,7,44,38.499588,-84.841492
Kentucky,OWSLEY,Owsley County Sheriff's Office,KY0950000,8,4,4,10,4,6,0,0,0,0,0,0,0,0,0,0,0,0,43,10,33,19,2,17,39,2,37,0,0,0,101,14,87,37.423614,-83.691628
Kentucky,OWSLEY,Booneville Police Department,KY0950100,0,0,0,0,0,0,0,0,0,0,0,0,0,0,0,0,0,0,2,1,1,1,0,1,2,0,2,0,0,0,5,1,4,37.423614,-83.691628
Kentucky,OWSLEY,Owsley County Constable District 2,KY0950300,0,0,0,0,0,0,0,0,0,0,0,0,0,0,0,0,0,0,0,0,0,0,0,0,0,0,0,0,0,0,0,0,0,,
Kentucky,PENDLETON,Pendleton County Sheriff's Office,KY0960000,38,12,26,48,15,33,10,2,8,0,0,0,3,1,2,1,0,1,157,14,143,66,6,60,300,4,296,6,2,4,523,24,499,38.696284,-84.351944
Kentucky,PENDLETON,Falmouth Police Department,KY0960100,31,14,17,47,20,27,5,1,4,0,0,0,2,1,1,1,0,1,66,9,57,26,3,23,213,20,193,2,1,1,305,32,273,38.677742,-84.32957
Kentucky,PENDLETON,Butler Police Department,KY0960200,0,0,0,0,0,0,0,0,0,0,0,0,0,0,0,0,0,0,0,0,0,0,0,0,0,0,0,0,0,0,0,0,0,38.696284,-84.351944
Kentucky,PERRY,Perry County Sheriff's Office,KY0970000,63,24,39,86,30,56,6,2,4,0,0,0,4,1,3,3,1,2,99,23,76,120,5,115,116,7,109,8,2,6,335,35,300,37.241282,-83.217772
Kentucky,PERRY,Hazard Police Department,KY0970100,65,27,38,149,55,94,11,1,10,0,0,0,14,3,11,2,1,1,203,42,161,120,12,108,1607,563,1044,33,6,27,1930,617,1313,37.241282,-83.217772
Kentucky,PIKE,Pike County Sheriff's Office,KY0980000,11,5,6,28,11,17,0,0,0,1,0,1,4,3,1,1,0,1,116,20,96,46,2,44,566,169,397,12,5,7,728,191,537,37.482067,-82.402869
Kentucky,PIKE,Pikeville Police Department,KY0980100,82,31,51,174,58,116,7,2,5,0,0,0,23,2,21,4,2,2,648,232,416,110,22,88,2675,765,1910,43,8,35,3433,1019,2414,37.48007,-82.518326
Kentucky,PIKE,Elkhorn City Police Department,KY0980200,0,0,0,0,0,0,1,0,1,0,0,0,0,0,0,0,0,0,2,0,2,1,0,1,4,0,4,0,0,0,7,0,7,37.482067,-82.402869
Kentucky,PIKE,Coal Run Village Police Department,KY0980500,0,0,0,7,2,5,0,0,0,0,0,0,1,1,0,0,0,0,33,5,28,5,0,5,209,44,165,3,1,2,247,49,198,37.51611,-82.56422
Kentucky,POWELL,Powell County Sheriff's Office,KY0990000,3,0,3,4,0,4,1,0,1,0,0,0,0,0,0,0,0,0,68,7,61,33,2,31,88,4,84,0,0,0,189,13,176,37.800423,-83.819883
Kentucky,POWELL,Stanton Police Department,KY0990100,29,14,15,41,19,22,6,1,5,0,0,0,3,1,2,0,0,0,158,27,131,47,13,34,367,86,281,3,1,2,572,126,446,37.800423,-83.819883
Kentucky,POWELL,Clay City Police Department,KY0990200,12,6,6,12,6,6,2,1,1,0,0,0,0,0,0,0,0,0,35,6,29,19,1,18,87,13,74,0,0,0,141,20,121,37.800423,-83.819883
Kentucky,PULASKI,Pulaski County Sheriff's Office,KY1000000,248,92,156,401,121,280,24,5,19,0,0,0,57,10,47,13,4,9,1426,88,1338,498,32,466,1360,97,1263,93,14,79,3284,217,3067,37.108312,-84.579986
Kentucky,PULASKI,Somerset Police Department,KY1000100,178,63,115,319,98,221,24,4,20,5,2,3,41,11,30,6,2,4,689,149,540,317,38,279,2069,390,1679,59,13,46,3075,577,2498,37.108312,-84.579986
Kentucky,PULASKI,Burnside Police Department,KY1000200,6,3,3,21,10,11,0,0,0,0,0,0,2,1,1,0,0,0,46,10,36,19,4,15,228,77,151,2,1,1,293,91,202,37.108312,-84.579986
Kentucky,"LINCOLN, PULASKI",Eubank Police Department,KY1000300,0,0,0,0,0,0,0,0,0,0,0,0,0,0,0,0,0,0,0,0,0,1,0,1,1,0,1,0,0,0,2,0,2,37.108312,-84.579986
Kentucky,PULASKI,Science Hill Police Department,KY1000400,0,0,0,0,0,0,0,0,0,0,0,0,0,0,0,0,0,0,9,1,8,3,0,3,14,1,13,0,0,0,26,2,24,37.108312,-84.579986
Kentucky,PULASKI,Ferguson Police Department,KY1000500,1,0,1,1,0,1,0,0,0,0,0,0,0,0,0,0,0,0,12,1,11,8,0,8,32,4,28,0,0,0,52,5,47,37.108312,-84.579986
Kentucky,PULASKI,Lake Cumberland Area Drug Enforcement Task Force,KY1000600,0,0,0,0,0,0,0,0,0,0,0,0,0,0,0,0,0,0,0,0,0,0,0,0,1,0,1,0,0,0,1,0,1,37.108312,-84.579986
Kentucky,PULASKI,Pulaski County Constable District 3,KY1000700,0,0,0,0,0,0,0,0,0,0,0,0,0,0,0,0,0,0,0,0,0,0,0,0,0,0,0,0,0,0,0,0,0,,
Kentucky,PULASKI,Pulaski County Constable District 5,KY1000900,17,7,10,19,8,11,0,0,0,0,0,0,0,0,0,0,0,0,8,4,4,0,0,0,2,1,1,0,0,0,10,5,5,37.108312,-84.579986
Kentucky,PULASKI,Pulaski County Constable District 4,KY1001100,0,0,0,0,0,0,0,0,0,0,0,0,0,0,0,0,0,0,0,0,0,0,0,0,0,0,0,0,0,0,0,0,0,,
Kentucky,PULASKI,Unlawful Narcotics Investigation Treatment and Education,KY1001200,0,0,0,0,0,0,0,0,0,0,0,0,0,0,0,0,0,0,0,0,0,0,0,0,1,0,1,0,0,0,1,0,1,37.108312,-84.579986
Kentucky,PULASKI,Pulaski County Constable District 1,KY1001300,0,0,0,0,0,0,0,0,0,0,0,0,0,0,0,0,0,0,0,0,0,0,0,0,0,0,0,0,0,0,0,0,0,,
Kentucky,ROBERTSON,Robertson County Sheriff's Office,KY1010000,0,0,0,0,0,0,1,0,1,0,0,0,0,0,0,0,0,0,7,0,7,4,0,4,20,0,20,0,0,0,31,0,31,38.513826,-84.063757
Kentucky,ROCKCASTLE,Rockcastle County Sheriff's Office,KY1020000,41,16,25,60,21,39,3,0,3,0,0,0,9,2,7,1,0,1,167,30,137,118,10,108,119,17,102,11,3,8,404,57,347,37.352505,-84.33721
Kentucky,ROCKCASTLE,Livingston Police Department,KY1020100,0,0,0,0,0,0,0,0,0,0,0,0,0,0,0,0,0,0,0,0,0,0,0,0,2,1,1,0,0,0,2,1,1,37.36105,-84.314368
Kentucky,ROCKCASTLE,Mount Vernon Police Department,KY1020200,31,12,19,48,18,30,7,2,5,0,0,0,2,0,2,2,1,1,92,29,63,33,5,28,93,25,68,7,2,5,218,59,159,37.36105,-84.314368
Kentucky,ROCKCASTLE,Brodhead Police Department,KY1020300,2,1,1,2,1,1,1,0,1,0,0,0,0,0,0,0,0,0,7,2,5,4,0,4,6,2,4,0,0,0,17,4,13,37.36105,-84.314368
Kentucky,ROWAN,Rowan County Sheriff's Office,KY1030000,68,26,42,85,32,53,9,3,6,0,0,0,9,4,5,2,1,1,177,28,149,77,17,60,353,16,337,12,5,7,607,61,546,38.17511,-83.439575
Kentucky,ROWAN,Morehead Police Department,KY1030100,47,18,29,97,25,72,8,2,6,0,0,0,22,2,20,2,1,1,156,27,129,74,7,67,1314,272,1042,34,2,32,1544,306,1238,38.180748,-83.43604
Kentucky,ROWAN,Morehead State University,KY1030200,0,0,0,21,7,14,0,0,0,0,0,0,14,5,9,0,0,0,29,8,21,6,0,6,210,9,201,21,7,14,245,17,228,38.205852,-83.425949
Kentucky,RUSSELL,Russell County Sheriff's Office,KY1040000,48,21,27,60,23,37,7,2,5,0,0,0,7,1,6,0,0,0,113,23,90,53,2,51,165,12,153,12,2,10,331,37,294,36.989127,-85.058976
Kentucky,RUSSELL,Jamestown Police Department,KY1040100,11,4,7,17,6,11,0,0,0,0,0,0,4,1,3,0,0,0,58,15,43,12,1,11,110,21,89,6,2,4,180,37,143,36.989127,-85.058976
Kentucky,RUSSELL,Russell Springs Police Department,KY1040200,23,9,14,50,20,30,2,0,2,0,0,0,13,4,9,2,1,1,115,21,94,69,15,54,394,80,314,17,6,11,578,116,462,36.989127,-85.058976
Kentucky,RUSSELL,Russell County Constable District 3,KY1040400,0,0,0,0,0,0,0,0,0,0,0,0,0,0,0,0,0,0,0,0,0,0,0,0,0,0,0,0,0,0,0,0,0,,
Kentucky,SCOTT,Scott County Sheriff's Office,KY1050000,76,25,51,151,45,106,6,2,4,1,1,0,17,5,12,4,2,2,395,50,345,192,16,176,872,52,820,36,9,27,1459,118,1341,38.210552,-84.55804
Kentucky,SCOTT,Georgetown Police Department,KY1050100,267,84,183,606,142,464,13,3,10,13,1,12,81,8,73,6,2,4,1029,128,901,638,57,581,6095,761,5334,152,18,134,7762,946,6816,38.289882,-84.579376
Kentucky,SCOTT,Stamping Ground Police Department,KY1050200,0,0,0,1,0,1,0,0,0,0,0,0,1,0,1,0,0,0,8,1,7,4,0,4,21,1,20,1,0,1,33,2,31,38.289882,-84.579376
Kentucky,SCOTT,Sadieville Police Department,KY1050300,0,0,0,0,0,0,0,0,0,0,0,0,0,0,0,0,0,0,1,0,1,1,0,1,5,0,5,0,0,0,7,0,7,38.289882,-84.579376
Kentucky,SCOTT,Scott County Constable District 5,KY1051000,0,0,0,0,0,0,0,0,0,0,0,0,0,0,0,0,0,0,0,0,0,0,0,0,0,0,0,0,0,0,0,0,0,38.277054,-84.54076
Kentucky,SHELBY,Shelby County Sheriff's Office,KY1060000,137,50,87,239,77,162,7,2,5,2,0,2,20,2,18,2,1,1,593,96,497,221,20,201,1608,137,1471,54,14,40,2422,253,2169,38.210976,-85.21582
Kentucky,SHELBY,Shelbyville Police Department,KY1060100,97,31,66,227,61,166,5,0,5,0,0,0,21,6,15,8,3,5,499,86,413,241,24,217,1622,138,1484,39,11,28,2362,248,2114,38.21079,-85.212906
Kentucky,SHELBY,Simpsonville Police Department,KY1060900,14,4,10,38,9,29,0,0,0,0,0,0,2,1,1,0,0,0,41,5,36,43,3,40,716,122,594,3,1,2,800,130,670,38.239426,-85.22836
Kentucky,SIMPSON,Simpson County Sheriff's Office,KY1070000,60,24,36,92,31,61,2,0,2,0,0,0,12,4,8,2,1,1,200,40,160,66,7,59,195,18,177,24,5,19,461,65,396,36.740947,-86.581747
Kentucky,SIMPSON,Franklin Police Department,KY1070100,113,39,74,247,67,180,5,1,4,0,0,0,35,9,26,3,1,2,515,57,458,171,27,144,2228,557,1671,67,16,51,2914,641,2273,36.740947,-86.581747
Kentucky,SPENCER,Spencer County Sheriff's Office,KY1080000,26,11,15,37,14,23,5,2,3,0,0,0,0,0,0,0,0,0,168,21,147,50,2,48,287,9,278,9,2,7,505,32,473,38.024908,-85.316758
Kentucky,SPENCER,Taylorsville Police Department,KY1080100,6,1,5,8,1,7,2,0,2,0,0,0,1,0,1,0,0,0,54,6,48,11,2,9,85,17,68,1,0,1,150,25,125,38.024908,-85.316758
Kentucky,TAYLOR,Taylor County Sheriff's Office,KY1090000,55,17,38,106,32,74,4,1,3,0,0,0,22,5,17,1,0,1,610,60,550,123,17,106,697,46,651,37,12,25,1430,123,1307,37.33881,-85.34253
Kentucky,TAYLOR,Campbellsville Police Department,KY1090100,170,77,93,361,150,211,18,4,14,0,0,0,41,19,22,12,6,6,1072,251,821,247,55,192,2794,771,2023,75,32,43,4113,1077,3036,37.34084,-85.34592
Kentucky,TAYLOR,Taylor County Constable District 4,KY1090500,0,0,0,0,0,0,0,0,0,0,0,0,0,0,0,0,0,0,0,0,0,0,0,0,0,0,0,0,0,0,0,0,0,,
Kentucky,TAYLOR,Taylor County Constable District 2,KY1090800,0,0,0,0,0,0,0,0,0,0,0,0,0,0,0,0,0,0,0,0,0,0,0,0,0,0,0,0,0,0,0,0,0,,
Kentucky,TAYLOR,Taylor County Schools,KY1091000,0,0,0,0,0,0,0,0,0,0,0,0,0,0,0,0,0,0,0,0,0,0,0,0,1,0,1,0,0,0,1,0,1,,
Kentucky,TODD,Todd County Sheriff's Office,KY1100000,43,18,25,54,21,33,2,0,2,0,0,0,5,1,4,0,0,0,193,21,172,49,1,48,170,8,162,6,1,5,412,30,382,36.840338,-87.183642
Kentucky,TODD,Elkton Police Department,KY1100100,18,7,11,27,10,17,6,2,4,0,0,0,0,0,0,0,0,0,121,14,107,22,1,21,239,50,189,2,1,1,382,65,317,36.840338,-87.183642
Kentucky,TODD,Guthrie Police Department,KY1100300,9,3,6,11,3,8,0,0,0,0,0,0,0,0,0,0,0,0,18,3,15,14,1,13,35,3,32,0,0,0,67,7,60,36.840338,-87.183642
Kentucky,TODD,Trenton Police Department,KY1100400,0,0,0,0,0,0,0,0,0,0,0,0,0,0,0,0,0,0,1,0,1,3,0,3,3,0,3,0,0,0,7,0,7,36.840338,-87.183642
Kentucky,TRIGG,Trigg County Sheriff's Office,KY1110000,65,29,36,85,33,52,6,2,4,0,0,0,5,1,4,0,0,0,292,39,253,60,11,49,327,25,302,13,2,11,679,75,604,36.807681,-87.858652
Kentucky,TRIGG,Cadiz Police Department,KY1110100,58,26,32,74,31,43,5,2,3,0,0,0,0,0,0,0,0,0,127,21,106,40,9,31,431,53,378,1,0,1,598,83,515,36.807681,-87.858652
Kentucky,TRIGG,Tennessee Valley Authority,KY1110200,0,0,0,0,0,0,0,0,0,0,0,0,0,0,0,0,0,0,0,0,0,0,0,0,0,0,0,0,0,0,0,0,0,36.807681,-87.858652
Kentucky,TRIMBLE,Trimble County Sheriff's Office,KY1120000,17,6,11,18,6,12,5,1,4,0,0,0,1,0,1,0,0,0,48,4,44,23,5,18,55,6,49,1,0,1,126,15,111,38.618193,-85.355171
Kentucky,UNION,Union County Sheriff's Office,KY1130000,40,17,23,58,21,37,7,1,6,0,0,0,6,1,5,1,0,1,192,39,153,63,9,54,242,45,197,11,1,10,497,93,404,37.658029,-87.95165
Kentucky,UNION,Morganfield Police Department,KY1130100,15,7,8,24,10,14,2,0,2,0,0,0,0,0,0,4,2,2,81,26,55,19,4,15,191,62,129,1,0,1,291,92,199,37.683617,-87.91654
Kentucky,UNION,Sturgis Police Department,KY1130200,4,2,2,8,4,4,0,0,0,0,0,0,0,0,0,0,0,0,29,4,25,4,0,4,70,7,63,2,1,1,103,11,92,37.546783,-87.985085
Kentucky,UNION,Uniontown Police Department,KY1130300,12,5,7,15,6,9,3,0,3,0,0,0,0,0,0,0,0,0,34,3,31,12,3,9,88,14,74,3,1,2,134,20,114,37.658029,-87.95165
Kentucky,WARREN,Warren County Sheriff's Office,KY1140000,315,110,205,512,154,358,30,5,25,1,0,1,79,17,62,16,7,9,1356,143,1213,504,52,452,2454,120,2334,133,28,105,4314,315,3999,36.992683,-86.44256
Kentucky,WARREN,Bowling Green Police Department,KY1140100,1028,322,706,2400,576,1824,39,7,32,7,1,6,361,49,312,62,25,37,3768,358,3410,2055,133,1922,22892,3770,19122,622,96,526,28715,4261,24454,36.995796,-86.44383
Kentucky,WARREN,Western Kentucky University,KY1140200,4,1,3,36,5,31,2,0,2,0,0,0,20,2,18,0,0,0,77,4,73,21,0,21,614,18,596,26,3,23,712,22,690,36.995634,-86.423579
Kentucky,WARREN,Smiths Grove Police Department,KY1140300,2,0,2,3,0,3,0,0,0,0,0,0,0,0,0,0,0,0,11,1,10,10,2,8,81,8,73,0,0,0,102,11,91,37.05265,-86.20838
Kentucky,WARREN,Woodburn Police Department,KY1140400,0,0,0,0,0,0,0,0,0,0,0,0,0,0,0,0,0,0,5,0,5,0,0,0,8,0,8,0,0,0,13,0,13,36.995634,-86.423579
Kentucky,WARREN,Warren County Drug Task Force,KY1140500,0,0,0,0,0,0,0,0,0,0,0,0,0,0,0,0,0,0,0,0,0,0,0,0,0,0,0,0,0,0,0,0,0,36.992683,-86.44256
Kentucky,WARREN,Warren County Constable District 1,KY1140900,0,0,0,0,0,0,0,0,0,0,0,0,0,0,0,0,0,0,0,0,0,0,0,0,0,0,0,0,0,0,0,0,0,,
Kentucky,WASHINGTON,Washington County Sheriff's Office,KY1150000,30,12,18,39,14,25,1,0,1,0,0,0,3,1,2,1,0,1,150,19,131,42,3,39,119,7,112,3,1,2,311,29,282,37.754209,-85.175416
Kentucky,WASHINGTON,Springfield Police Department,KY1150100,32,12,20,46,15,31,1,0,1,0,0,0,3,1,2,0,0,0,71,9,62,28,3,25,106,8,98,6,2,4,205,20,185,37.754209,-85.175416
Kentucky,WAYNE,Wayne County Sheriff's Office,KY1160000,54,26,28,79,35,44,13,5,8,0,0,0,15,6,9,0,0,0,272,87,185,98,13,85,160,12,148,18,7,11,530,112,418,36.949425,-84.81451
Kentucky,WAYNE,Monticello Police Department,KY1160100,80,34,46,114,46,68,9,3,6,0,0,0,6,2,4,2,1,1,299,55,244,93,11,82,517,90,427,8,3,5,909,156,753,36.94846,-84.81419
Kentucky,WEBSTER,Webster County Sheriff's Office,KY1170000,17,6,11,19,7,12,2,1,1,0,0,0,0,0,0,0,0,0,72,14,58,49,4,45,113,6,107,1,1,0,234,24,210,37.51946,-87.68479
Kentucky,WEBSTER,Providence Police Department,KY1170200,17,8,9,18,8,10,0,0,0,0,0,0,0,0,0,0,0,0,68,15,53,14,1,13,103,15,88,0,0,0,185,31,154,37.51946,-87.68479
Kentucky,WEBSTER,Clay Police Department,KY1170300,2,1,1,2,1,1,0,0,0,0,0,0,0,0,0,0,0,0,6,2,4,1,0,1,8,2,6,0,0,0,15,4,11,37.51946,-87.68479
Kentucky,WEBSTER,Sebree Police Department,KY1170400,4,2,2,4,2,2,1,0,1,0,0,0,0,0,0,0,0,0,3,0,3,2,0,2,7,2,5,0,0,0,12,2,10,37.51946,-87.68479
Kentucky,WHITLEY,Whitley County Sheriff's Office,KY1180000,105,37,68,123,41,82,7,1,6,0,0,0,0,0,0,3,0,3,479,29,450,195,11,184,489,9,480,0,0,0,1163,49,1114,36.758021,-84.14455
Kentucky,"KNOX, WHITLEY",Corbin Police Department,KY1180100,79,31,48,161,54,107,16,1,15,1,0,1,17,1,16,11,4,7,358,54,304,195,28,167,1051,146,905,24,2,22,1604,228,1376,36.758021,-84.14455
Kentucky,WHITLEY,Williamsburg Police Department,KY1180200,72,29,43,118,42,76,6,0,6,0,0,0,12,2,10,7,2,5,121,24,97,56,4,52,311,42,269,20,4,16,488,70,418,36.758021,-84.14455
Kentucky,WHITLEY,Whitley County Constable District 1,KY1180500,0,0,0,0,0,0,0,0,0,0,0,0,0,0,0,0,0,0,0,0,0,0,0,0,0,0,0,0,0,0,0,0,0,,
Kentucky,WOLFE,Wolfe County Sheriff's Office,KY1190000,14,6,8,18,8,10,0,0,0,0,0,0,4,2,2,0,0,0,52,8,44,42,4,38,67,3,64,4,2,2,161,15,146,37.743774,-83.495068
Kentucky,WOODFORD,Woodford County Sheriff's Office,KY1200000,2,0,2,3,0,3,0,0,0,0,0,0,0,0,0,0,0,0,28,1,27,7,0,7,121,3,118,0,0,0,156,4,152,38.042821,-84.748002
Kentucky,WOODFORD,Versailles Police Department,KY1200100,112,34,78,238,62,176,5,0,5,1,0,1,47,6,41,7,3,4,660,41,619,226,26,200,2304,218,2086,74,15,59,3190,285,2905,38.052917,-84.73072
Kentucky,WOODFORD,Woodford County Public Schools,KY1200900,0,0,0,1,0,1,0,0,0,0,0,0,1,0,1,0,0,0,1,0,1,0,0,0,4,1,3,1,0,1,5,1,4,,
Kentucky,UNMAPPED COUNTY,State Police,KYKSP0000,0,0,0,0,0,0,0,0,0,0,0,0,0,0,0,0,0,0,0,0,0,0,0,0,0,0,0,0,0,0,0,0,0,38.178093,-84.89988
Kentucky,NOT SPECIFIED,State Police: Mayfield,KYKSP0100,339,157,182,922,417,505,18,4,14,4,1,3,216,90,126,73,35,38,539,142,397,204,72,132,918,288,630,483,215,268,1661,502,1159,36.723344,-88.649897
Kentucky,NOT SPECIFIED,State Police: Madisonville,KYKSP0200,170,80,90,581,263,318,24,8,16,0,0,0,132,55,77,39,18,21,336,83,253,145,49,96,447,147,300,354,158,196,928,279,649,37.31107,-87.542196
Kentucky,NOT SPECIFIED,State Police: Bowling Green,KYKSP0300,247,111,136,592,248,344,43,9,34,0,0,0,130,49,81,63,30,33,396,85,311,201,60,141,482,105,377,273,105,168,1079,250,829,36.995634,-86.423579
Kentucky,NOT SPECIFIED,State Police: Elizabethtown,KYKSP0400,302,133,169,729,295,434,11,4,7,3,0,3,129,30,99,55,26,29,436,120,316,334,87,247,622,151,471,336,121,215,1392,358,1034,37.695836,-85.963183
Kentucky,NOT SPECIFIED,State Police: Campbellsburg,KYKSP0500,317,145,172,732,324,408,36,10,26,5,3,2,141,61,80,23,10,13,641,156,485,259,90,169,876,240,636,363,157,206,1776,486,1290,38.451561,-85.120079
Kentucky,NOT SPECIFIED,State Police: Dry Ridge,KYKSP0600,164,76,88,598,287,311,19,9,10,2,1,1,172,82,90,18,9,9,466,110,356,194,78,116,633,183,450,394,195,199,1293,371,922,38.716164,-84.59071
Kentucky,NOT SPECIFIED,State Police: Richmond,KYKSP0700,351,164,187,850,364,486,72,23,49,1,0,1,138,48,90,92,42,50,777,150,627,337,86,251,991,245,746,368,145,223,2105,481,1624,37.723528,-84.277008
Kentucky,NOT SPECIFIED,State Police: Morehead,KYKSP0800,359,165,194,879,391,488,58,15,43,1,0,1,183,78,105,56,25,31,762,146,616,265,65,200,934,256,678,439,190,249,1961,467,1494,38.18697,-83.4761
Kentucky,NOT SPECIFIED,State Police: Pikeville,KYKSP0900,616,252,364,1202,466,736,63,18,45,3,0,3,151,47,104,60,26,34,1224,278,946,799,140,659,1295,339,956,387,139,248,3318,757,2561,37.482067,-82.402869
Kentucky,NOT SPECIFIED,State Police: Harlan,KYKSP1000,379,175,204,885,398,487,40,9,31,7,3,4,200,87,113,49,23,26,909,201,708,517,143,374,1034,257,777,403,179,224,2460,601,1859,36.859223,-83.221497
Kentucky,NOT SPECIFIED,State Police: London,KYKSP1100,460,212,248,1174,532,642,100,25,75,1,0,1,231,97,134,79,38,41,803,188,615,554,144,410,981,250,731,587,262,325,2338,582,1756,37.113268,-84.119395
Kentucky,NOT SPECIFIED,State Police: Frankfort,KYKSP1200,184,84,100,389,169,220,72,13,59,3,1,2,70,27,43,32,14,18,215,58,157,194,53,141,562,159,403,165,69,96,971,270,701,38.234919,-84.868786
Kentucky,NOT SPECIFIED,State Police: Hazard,KYKSP1300,513,223,290,834,341,493,44,14,30,5,4,1,106,36,70,53,25,28,884,191,693,431,94,337,675,150,525,211,79,132,1990,435,1555,37.241282,-83.217772
Kentucky,NOT SPECIFIED,State Police: Ashland,KYKSP1400,237,113,124,645,298,347,33,10,23,2,1,1,169,76,93,26,12,14,496,122,374,243,66,177,992,294,698,353,158,195,1731,482,1249,38.360004,-82.681406
Kentucky,NOT SPECIFIED,State Police: Columbia,KYKSP1500,294,138,156,937,428,509,58,13,45,16,5,11,287,121,166,49,25,24,450,121,329,170,57,113,538,148,390,574,256,318,1158,326,832,37.105559,-85.28138
Kentucky,NOT SPECIFIED,State Police: Henderson,KYKSP1600,176,88,88,403,191,212,22,8,14,7,1,6,90,42,48,14,4,10,362,82,280,117,34,83,603,159,444,198,93,105,1082,275,807,37.792542,-87.572577
Kentucky,NOT SPECIFIED,State Police: Cannabis Suppression Section,KYKSP2500,0,0,0,0,0,0,0,0,0,0,0,0,0,0,0,0,0,0,0,0,0,0,0,0,0,0,0,0,0,0,0,0,0,38.073196,-84.3169
Kentucky,NOT SPECIFIED,State Police: Vehicle Investigations,KYKSP2800,0,0,0,0,0,0,0,0,0,0,0,0,0,0,0,0,0,0,0,0,0,27,4,23,20,1,19,0,0,0,47,5,42,38.073196,-84.3169
Kentucky,NOT SPECIFIED,State Police:,KYKSP2900,0,0,0,0,0,0,6,0,6,0,0,0,0,0,0,0,0,0,0,0,0,0,0,0,0,0,0,0,0,0,0,0,0,,
Kentucky,NOT SPECIFIED,State Police: West Drug Enforcement Branch,KYKSP3200,7,4,3,12,5,7,1,0,1,10,3,7,3,1,2,0,0,0,9,4,5,3,1,2,57,22,35,5,1,4,69,27,42,36.995634,-86.423579
Kentucky,NOT SPECIFIED,State Police: Drug Enforcement Area 2,KYKSP3300,8,3,5,14,6,8,0,0,0,4,2,2,4,2,2,0,0,0,4,2,2,6,2,4,57,25,32,5,3,2,67,29,38,38.073196,-84.3169
Kentucky,NOT SPECIFIED,State Police: Electronic Crimes,KYKSP3500,0,0,0,32,15,17,0,0,0,0,0,0,4,2,2,0,0,0,0,0,0,0,0,0,1,0,1,32,15,17,1,0,1,38.18029,-84.90215
